seq,HOTA(0),LocA(0),HOTALocA(0),HOTA___5,HOTA___10,HOTA___15,HOTA___20,HOTA___25,HOTA___30,HOTA___35,HOTA___40,HOTA___45,HOTA___50,HOTA___55,HOTA___60,HOTA___65,HOTA___70,HOTA___75,HOTA___80,HOTA___85,HOTA___90,HOTA___95,HOTA___AUC,DetA___5,DetA___10,DetA___15,DetA___20,DetA___25,DetA___30,DetA___35,DetA___40,DetA___45,DetA___50,DetA___55,DetA___60,DetA___65,DetA___70,DetA___75,DetA___80,DetA___85,DetA___90,DetA___95,DetA___AUC,AssA___5,AssA___10,AssA___15,AssA___20,AssA___25,AssA___30,AssA___35,AssA___40,AssA___45,AssA___50,AssA___55,AssA___60,AssA___65,AssA___70,AssA___75,AssA___80,AssA___85,AssA___90,AssA___95,AssA___AUC,DetRe___5,DetRe___10,DetRe___15,DetRe___20,DetRe___25,DetRe___30,DetRe___35,DetRe___40,DetRe___45,DetRe___50,DetRe___55,DetRe___60,DetRe___65,DetRe___70,DetRe___75,DetRe___80,DetRe___85,DetRe___90,DetRe___95,DetRe___AUC,DetPr___5,DetPr___10,DetPr___15,DetPr___20,DetPr___25,DetPr___30,DetPr___35,DetPr___40,DetPr___45,DetPr___50,DetPr___55,DetPr___60,DetPr___65,DetPr___70,DetPr___75,DetPr___80,DetPr___85,DetPr___90,DetPr___95,DetPr___AUC,AssRe___5,AssRe___10,AssRe___15,AssRe___20,AssRe___25,AssRe___30,AssRe___35,AssRe___40,AssRe___45,AssRe___50,AssRe___55,AssRe___60,AssRe___65,AssRe___70,AssRe___75,AssRe___80,AssRe___85,AssRe___90,AssRe___95,AssRe___AUC,AssPr___5,AssPr___10,AssPr___15,AssPr___20,AssPr___25,AssPr___30,AssPr___35,AssPr___40,AssPr___45,AssPr___50,AssPr___55,AssPr___60,AssPr___65,AssPr___70,AssPr___75,AssPr___80,AssPr___85,AssPr___90,AssPr___95,AssPr___AUC,LocA___5,LocA___10,LocA___15,LocA___20,LocA___25,LocA___30,LocA___35,LocA___40,LocA___45,LocA___50,LocA___55,LocA___60,LocA___65,LocA___70,LocA___75,LocA___80,LocA___85,LocA___90,LocA___95,LocA___AUC,RHOTA___5,RHOTA___10,RHOTA___15,RHOTA___20,RHOTA___25,RHOTA___30,RHOTA___35,RHOTA___40,RHOTA___45,RHOTA___50,RHOTA___55,RHOTA___60,RHOTA___65,RHOTA___70,RHOTA___75,RHOTA___80,RHOTA___85,RHOTA___90,RHOTA___95,RHOTA___AUC,HOTA_TP___5,HOTA_TP___10,HOTA_TP___15,HOTA_TP___20,HOTA_TP___25,HOTA_TP___30,HOTA_TP___35,HOTA_TP___40,HOTA_TP___45,HOTA_TP___50,HOTA_TP___55,HOTA_TP___60,HOTA_TP___65,HOTA_TP___70,HOTA_TP___75,HOTA_TP___80,HOTA_TP___85,HOTA_TP___90,HOTA_TP___95,HOTA_TP___AUC,HOTA_FN___5,HOTA_FN___10,HOTA_FN___15,HOTA_FN___20,HOTA_FN___25,HOTA_FN___30,HOTA_FN___35,HOTA_FN___40,HOTA_FN___45,HOTA_FN___50,HOTA_FN___55,HOTA_FN___60,HOTA_FN___65,HOTA_FN___70,HOTA_FN___75,HOTA_FN___80,HOTA_FN___85,HOTA_FN___90,HOTA_FN___95,HOTA_FN___AUC,HOTA_FP___5,HOTA_FP___10,HOTA_FP___15,HOTA_FP___20,HOTA_FP___25,HOTA_FP___30,HOTA_FP___35,HOTA_FP___40,HOTA_FP___45,HOTA_FP___50,HOTA_FP___55,HOTA_FP___60,HOTA_FP___65,HOTA_FP___70,HOTA_FP___75,HOTA_FP___80,HOTA_FP___85,HOTA_FP___90,HOTA_FP___95,HOTA_FP___AUC,MOTA,MOTP,MODA,CLR_Re,CLR_Pr,MTR,PTR,MLR,sMOTA,CLR_F1,FP_per_frame,MOTAL,MOTP_sum,CLR_TP,CLR_FN,CLR_FP,IDSW,MT,PT,ML,Frag,CLR_Frames,IDF1,IDR,IDP,IDTP,IDFN,IDFP,STDA,ATA,FDA,SFDA,VACE_IDs,VACE_GT_IDs,num_non_empty_timesteps,Dets,GT_Dets,IDs,GT_IDs
v_00HRwkvvjtQ_c001,0.6330940349217445,0.9961094940892252,0.6306309788368052,0.6330940349217445,0.6330940349217445,0.6324556058709362,0.6321323359597711,0.6312500049594071,0.6305975843062979,0.6301670395691961,0.629739992449936,0.629739992449936,0.6294457848802953,0.6293396069520255,0.6292336460117234,0.6292336460117234,0.6292336460117234,0.6292336460117234,0.6292336460117234,0.6292336460117234,0.6292336460117234,0.6292336460117234,0.6302592202807936,1.0,1.0,0.9989363588016309,0.998227892964735,0.9953990444169174,0.9932826586529963,0.9918742271683448,0.9904677846425419,0.9904677846425419,0.9897653079230634,0.9894142554693014,0.9890633268654083,0.9890633268654083,0.9890633268654083,0.9890633268654083,0.9890633268654083,0.9890633268654083,0.9890633268654083,0.9890633268654083,0.9921232594529128,0.4008080570534951,0.4008080570534951,0.4004260029912527,0.40030066579202833,0.4003184160124145,0.4003425509030846,0.4003637627455013,0.4003890527686043,0.4003890527686043,0.4002989324155708,0.4003058766225941,0.4003130745207436,0.4003130745207436,0.4003130745207436,0.4003130745207436,0.4003130745207436,0.4003130745207436,0.4003130745207436,0.4003130745207436,0.4003818433311892,1.0,1.0,0.9994678964171692,0.999113160695282,0.9976942178077333,0.9966300106420717,0.9959205391982973,0.9952110677545228,0.9952110677545228,0.9948563320326357,0.9946789641716921,0.9945015963107485,0.9945015963107485,0.9945015963107485,0.9945015963107485,0.9945015963107485,0.9945015963107485,0.9945015963107485,0.9945015963107485,0.996041896155785,1.0,1.0,0.9994678964171692,0.999113160695282,0.9976942178077333,0.9966300106420717,0.9959205391982973,0.9952110677545228,0.9952110677545228,0.9948563320326357,0.9946789641716921,0.9945015963107485,0.9945015963107485,0.9945015963107485,0.9945015963107485,0.9945015963107485,0.9945015963107485,0.9945015963107485,0.9945015963107485,0.996041896155785,0.5158922150754179,0.5158922150754179,0.5156972509514743,0.5156158142276411,0.5154908246853969,0.5154100890341844,0.5153624786954774,0.5153198515022801,0.5153198515022801,0.5152648629365855,0.5152549726760665,0.5152453948021158,0.5152453948021158,0.5152453948021158,0.5152453948021158,0.5152453948021158,0.5152453948021158,0.5152453948021158,0.5152453948021158,0.5153938728831132,0.5422910998585498,0.5422910998585498,0.5421015185991643,0.5420268813116117,0.5419418885610537,0.5418912862979682,0.5418638297559546,0.5418414083859592,0.5418414083859592,0.5417855829062603,0.5417807538989109,0.5417762405402407,0.5417762405402407,0.5417762405402407,0.5417762405402407,0.5417762405402407,0.5417762405402407,0.5417762405402407,0.5417762405402407,0.5418877201127298,0.9961094940892252,0.9961094940892252,0.9965633402955335,0.99685823197551,0.997957580230637,0.998731177865734,0.9992057231016288,0.9996530840917488,0.9996530840917488,0.999840460345461,0.999924784920221,1.0,1.0,1.0,1.0,1.0,1.0,1.0,1.0,0.9989792871103512,0.6330940349217445,0.6330940349217445,0.6326238494400938,0.6324125737427263,0.6319773484370597,0.6316592441870975,0.6314511021994964,0.6312460825407669,0.6312460825407669,0.6310625385962431,0.6310117548119076,0.6309611649182089,0.6309611649182089,0.6309611649182089,0.6309611649182089,0.6309611649182089,0.6309611649182089,0.6309611649182089,0.6309611649182089,0.6315035771413323,11276.0,11276.0,11270.0,11266.0,11250.0,11238.0,11230.0,11222.0,11222.0,11218.0,11216.0,11214.0,11214.0,11214.0,11214.0,11214.0,11214.0,11214.0,11214.0,11231.368421052632,0.0,0.0,6.0,10.0,26.0,38.0,46.0,54.0,54.0,58.0,60.0,62.0,62.0,62.0,62.0,62.0,62.0,62.0,62.0,44.63157894736842,0.0,0.0,6.0,10.0,26.0,38.0,46.0,54.0,54.0,58.0,60.0,62.0,62.0,62.0,62.0,62.0,62.0,62.0,62.0,44.63157894736842,0.9972507981553742,1.0,1.0,1.0,1.0,1.0,0.0,0.0,0.9972507981553742,1.0,0.0,0.9998677401832358,11276.0,11276,0,0,31,10,0,0,8.0,1162,0.6159098971266407,0.6159098971266407,0.6159098971266407,6945,4331,4331,6.117379327428412,0.5826075549931821,1162.0,1.0,11,10,1162,11276,11276,11,10
v_00HRwkvvjtQ_c003,0.7439536348835264,0.9982094884057432,0.7426215772746779,0.7439536348835264,0.7439536348835264,0.7436952458638225,0.7436952458638225,0.7436952458638225,0.7434373202103352,0.7434373202103352,0.7434373202103352,0.743179857089172,0.7426888771396142,0.7418764932708467,0.7413925898741104,0.7408146898593022,0.7403025536815773,0.7395377904071571,0.7395377904071571,0.7395377904071571,0.7395377904071571,0.7395377904071571,0.7419604726810491,1.0,1.0,0.9996423781850693,0.9996423781850693,0.9996423781850693,0.9992848842406364,0.9992848842406364,0.9992848842406364,0.9989275180981321,0.9978561857972309,0.9960731816153503,0.995004905895995,0.9939377730230899,0.993226985117191,0.9921617529170749,0.9921617529170749,0.9921617529170749,0.9921617529170749,0.9921617529170749,0.9964535316531303,0.5534670108564114,0.5534670108564114,0.5532804838912663,0.5532804838912663,0.5532804838912663,0.5530945757290467,0.5530945757290467,0.5530945757290467,0.5529092851848175,0.5527718082803827,0.5525504967168035,0.5524223740638476,0.5521536856800642,0.5517851198160915,0.551236874261985,0.551236874261985,0.551236874261985,0.551236874261985,0.551236874261985,0.5524650706118787,1.0,1.0,0.9998211571134759,0.9998211571134759,0.9998211571134759,0.9996423142269516,0.9996423142269516,0.9996423142269516,0.9994634713404275,0.9989269426808549,0.998032728248234,0.9974961995886613,0.9969596709290888,0.9966019851560404,0.9960654564964678,0.9960654564964678,0.9960654564964678,0.9960654564964678,0.9960654564964678,0.9982209839182593,1.0,1.0,0.9998211571134759,0.9998211571134759,0.9998211571134759,0.9996423142269516,0.9996423142269516,0.9996423142269516,0.9994634713404275,0.9989269426808549,0.998032728248234,0.9974961995886613,0.9969596709290888,0.9966019851560404,0.9960654564964678,0.9960654564964678,0.9960654564964678,0.9960654564964678,0.9960654564964678,0.9982209839182593,0.6405331048813528,0.6405331048813528,0.640369315894352,0.640369315894352,0.640369315894352,0.640205804752489,0.640205804752489,0.640205804752489,0.6400425716049161,0.6399778457912995,0.6398759886175782,0.6398184929453835,0.639618291139839,0.6392923640064545,0.638805566851004,0.638805566851004,0.638805566851004,0.638805566851004,0.638805566851004,0.6397602610559854,0.7058398340472304,0.7058398340472304,0.7057012531082419,0.7057012531082419,0.7057012531082419,0.7055629426813653,0.7055629426813653,0.7055629426813653,0.705424902911816,0.7053833629472644,0.7053203736430473,0.7052863338311894,0.7051270886014614,0.704851665314647,0.7044405688520268,0.7044405688520268,0.7044405688520268,0.7044405688520268,0.7044405688520268,0.7052141487880443,0.9982094884057432,0.9982094884057432,0.9983689030210415,0.9983689030210415,0.9983689030210415,0.9984946408330518,0.9984946408330518,0.9984946408330518,0.9985967572756437,0.9988691089472567,0.999295900007865,0.9995273327370856,0.9997365927843228,0.9998518661201147,1.0,1.0,1.0,1.0,1.0,0.9990993245392661,0.7439536348835264,0.7439536348835264,0.7437617451929547,0.7437617451929547,0.7437617451929547,0.7435702667994184,0.7435702667994184,0.7435702667994184,0.7433791990008679,0.7430872441683348,0.742605871060274,0.7423201591607451,0.7419399954025125,0.7415592665379351,0.7409912339558749,0.7409912339558749,0.7409912339558749,0.7409912339558749,0.7409912339558749,0.7426184847818007,11183.0,11183.0,11181.0,11181.0,11181.0,11179.0,11179.0,11179.0,11177.0,11171.0,11161.0,11155.0,11149.0,11145.0,11139.0,11139.0,11139.0,11139.0,11139.0,11163.105263157895,0.0,0.0,2.0,2.0,2.0,4.0,4.0,4.0,6.0,12.0,22.0,28.0,34.0,38.0,44.0,44.0,44.0,44.0,44.0,19.894736842105264,0.0,0.0,2.0,2.0,2.0,4.0,4.0,4.0,6.0,12.0,22.0,28.0,34.0,38.0,44.0,44.0,44.0,44.0,44.0,19.894736842105264,0.9974961995886613,0.9996677182304239,1.0,1.0,1.0,1.0,0.0,0.0,0.9971639178190853,1.0,0.0,0.9998705930402091,11179.28409297083,11183,0,0,28,10,0,0,6.0,1161,0.7285164982562818,0.7285164982562818,0.7285164982562818,8147,3036,3036,7.2356770054152015,0.5565905388780924,1161.0,1.0,16,10,1161,11183,11183,16,10
v_00HRwkvvjtQ_c005,0.6182488015886344,0.9681757827251491,0.5985735173969615,0.6182488015886344,0.6173110380836552,0.6138816487770501,0.6084831434907043,0.6031208648651785,0.5984229434587438,0.5943046328940578,0.5910511680950075,0.5881163108877041,0.5854741364314492,0.5841291848057502,0.5813370634883861,0.5795560835008824,0.5789030833569223,0.578122868789181,0.577916385996109,0.577373668810733,0.577373668810733,0.577373668810733,0.5910789665758743,1.0,0.9981641270424086,0.9919472913616398,0.9799890849554302,0.9671064521959154,0.9557951482479784,0.9467000536576641,0.9397611833897701,0.9339019189765458,0.9277364505844846,0.9246684350132626,0.9158598838232705,0.9104791995787257,0.9084692267227775,0.9061295971978984,0.9054621848739496,0.9041287613715885,0.9041287613715885,0.9041287613715885,0.9381345537756045,0.38223158066578267,0.38177380594617333,0.3799099831080025,0.37781210178393776,0.3761269266788345,0.3746723551738685,0.3730833174823719,0.3717343187621124,0.3703609427328408,0.36947989293101063,0.3690045984287722,0.3690005287430115,0.3689104090222975,0.3688939262467912,0.3688501649770498,0.3688584181450917,0.36870893580495007,0.36870893580495007,0.36870893580495007,0.37246474096014726,1.0,0.9990812201396545,0.9959573686144799,0.9898934215362,0.9832782065417126,0.9773980154355016,0.9726203601617053,0.9689452407203234,0.9658213891951488,0.9625137816979051,0.9608599779492834,0.956082322675487,0.9531422271223815,0.9520396912899669,0.9507533994854833,0.9503858875413451,0.9496508636530687,0.9496508636530687,0.9496508636530687,0.9677750053192519,1.0,0.9990812201396545,0.9959573686144799,0.9898934215362,0.9832782065417126,0.9773980154355016,0.9726203601617053,0.9689452407203234,0.9658213891951488,0.9625137816979051,0.9608599779492834,0.956082322675487,0.9531422271223815,0.9520396912899669,0.9507533994854833,0.9503858875413451,0.9496508636530687,0.9496508636530687,0.9496508636530687,0.9677750053192519,0.5028269395775979,0.5023824220618561,0.5006189955255705,0.49837770181071395,0.4964115118960386,0.4946686477241197,0.4930511250668325,0.49170869885408486,0.49061874021427476,0.49000880028589433,0.48963978844023165,0.48966641134175226,0.4898067943007337,0.48984498679787974,0.4898208353063788,0.4898731281927772,0.4897327679851522,0.4897327679851522,0.4897327679851522,0.49308020165011546,0.5853657626911701,0.584971480790063,0.5832453145059376,0.5813187374034119,0.5795197582675667,0.5777091647121758,0.5757261791252216,0.5737604718991469,0.5711279561954011,0.5692678025880258,0.5682096743235948,0.5677818770336497,0.5671657116712798,0.5670958594659014,0.5669936540966805,0.5668890268830981,0.5666142207537043,0.5666142207537043,0.5666142207537043,0.5729468996796547,0.9681757827251491,0.9689778726126502,0.9716081509180308,0.9764592839485703,0.9815143396085177,0.9857999970310996,0.9890304679301282,0.991361341679758,0.9931941438829246,0.9949937569376864,0.9958226005239883,0.9978821204985079,0.9990222009853451,0.99939879129166,0.999764606595476,0.9998535259354882,1.0,1.0,1.0,0.990150472794999,0.6182488015886344,0.6175945594498566,0.615121245842328,0.6115502547891589,0.6081425901026918,0.605147929340822,0.6023856162127615,0.6001584782180124,0.5980823690879521,0.5963467858606804,0.595450879846066,0.5939653883763777,0.5929789952975917,0.5926226958721197,0.5921870888939672,0.5920792473190726,0.5917303096206706,0.5917303096206706,0.5917303096206706,0.6003817818400056,5442.0,5437.0,5420.0,5387.0,5351.0,5319.0,5293.0,5273.0,5256.0,5238.0,5229.0,5203.0,5187.0,5181.0,5174.0,5172.0,5168.0,5168.0,5168.0,5266.631578947368,0.0,5.0,22.0,55.0,91.0,123.0,149.0,169.0,186.0,204.0,213.0,239.0,255.0,261.0,268.0,270.0,274.0,274.0,274.0,175.3684210526316,0.0,5.0,22.0,55.0,91.0,123.0,149.0,169.0,186.0,204.0,213.0,239.0,255.0,261.0,268.0,270.0,274.0,274.0,274.0,175.3684210526316,0.9926497611172364,0.9944606073898421,1.0,1.0,1.0,1.0,0.0,0.0,0.9871103685070785,1.0,0.0,0.9997056119089806,5411.854625415521,5442,0,0,40,10,0,0,4.0,594,0.5633958103638368,0.5633958103638368,0.5633958103638368,3066,2376,2376,5.486732340587207,0.4771071600510615,594.0,1.0,13,10,594,5442,5442,13,10
v_00HRwkvvjtQ_c007,0.6665559025480988,0.9895637786938498,0.6595995776361862,0.6665559025480988,0.6665559025480988,0.6661191984411314,0.6661191984411314,0.6644002302643204,0.6639663045623716,0.6621210158830861,0.6593140260773489,0.6570352371280433,0.6534416224861074,0.6507662556535392,0.6493926960623801,0.6476184232409926,0.6469755740286213,0.6458626555085569,0.6458626555085569,0.6453933076535492,0.6451597490150159,0.6451597490150159,0.6551484054771562,1.0,1.0,0.9993808049535604,0.9993808049535604,0.9969078540507111,0.99629057187017,0.9932098765432099,0.9883004926108374,0.9840245775729647,0.9767370676461585,0.9713064713064713,0.9689024390243902,0.9653073645769933,0.9641119221411192,0.9617253948967193,0.9617253948967193,0.9605343047965998,0.9599393019726858,0.9599393019726858,0.9793538918834502,0.4442967712217107,0.4442967712217107,0.4439897027564725,0.4439897027564725,0.4427968584876122,0.44249264827095125,0.44140140974018705,0.4398409069229238,0.4387037810505238,0.4371554721745854,0.43600730769115176,0.4352459615271451,0.43448298180646183,0.4341585077177335,0.43373978891902076,0.43373978891902076,0.4336466896434194,0.4336014796912251,0.4336014796912251,0.4382730531689238,1.0,1.0,0.9996903065964695,0.9996903065964695,0.9984515329823475,0.998141839578817,0.9965933725611644,0.9941158253329204,0.9919479715082069,0.9882316506658408,0.9854444100340662,0.9842056364199443,0.9823474759987613,0.9817280891917002,0.9804893155775782,0.9804893155775782,0.9798699287705172,0.9795602353669867,0.9795602353669867,0.9895030235855975,1.0,1.0,0.9996903065964695,0.9996903065964695,0.9984515329823475,0.998141839578817,0.9965933725611644,0.9941158253329204,0.9919479715082069,0.9882316506658408,0.9854444100340662,0.9842056364199443,0.9823474759987613,0.9817280891917002,0.9804893155775782,0.9804893155775782,0.9798699287705172,0.9795602353669867,0.9795602353669867,0.9895030235855975,0.5336478284966012,0.5336478284966012,0.5334748762237672,0.5334748762237672,0.5327460872720757,0.532574342323486,0.5318615724618162,0.5308267649763775,0.5300061773275587,0.5286298898305263,0.5275884358861832,0.5270364473163655,0.5263168551045687,0.5260513482213798,0.5256129878925633,0.5256129878925633,0.525442008472172,0.5253578037351115,0.5253578037351115,0.529224574836242,0.6153995103263002,0.6153995103263002,0.6152226550271214,0.6152226550271214,0.6146060182444463,0.6144309895798447,0.6138188854289766,0.6129164917758139,0.6122027258485813,0.6110377829484989,0.6101730134048572,0.609727919322488,0.6091459457433024,0.6089347461466752,0.6085807717798841,0.6085807717798841,0.608439958866125,0.6083709067342927,0.6083709067342927,0.6116095876339371,0.9895637786938498,0.9895637786938498,0.9898358971862498,0.9898358971862498,0.9907689713677423,0.9909962780898299,0.9920387403346801,0.9935592928192671,0.994814497229237,0.9967386422541955,0.9980630183975077,0.9986047584532279,0.9993124590358814,0.9995231889493861,0.999858584091302,0.999858584091302,0.9999556406733948,1.0,1.0,0.9954153688182712,0.6665559025480988,0.6665559025480988,0.666222336817292,0.666222336817292,0.6649144322066742,0.6645828962178231,0.6632478568274649,0.6612509404158626,0.6596751668101867,0.6572753409832865,0.6554852890021626,0.6545009767479606,0.6533094676659703,0.6528595577825682,0.6521328306226991,0.6521328306226991,0.6518568484663392,0.6517198535427704,0.6517198535427704,0.6585379273783168,6458.0,6458.0,6456.0,6456.0,6448.0,6446.0,6436.0,6420.0,6406.0,6382.0,6364.0,6356.0,6344.0,6340.0,6332.0,6332.0,6328.0,6326.0,6326.0,6390.210526315789,0.0,0.0,2.0,2.0,10.0,12.0,22.0,38.0,52.0,76.0,94.0,102.0,114.0,118.0,126.0,126.0,130.0,132.0,132.0,67.78947368421052,0.0,0.0,2.0,2.0,10.0,12.0,22.0,38.0,52.0,76.0,94.0,102.0,114.0,118.0,126.0,126.0,130.0,132.0,132.0,67.78947368421052,0.9947352121399814,0.9985627949305176,1.0,1.0,1.0,1.0,0.0,0.0,0.993298007070499,1.0,0.0,0.999762855540873,6448.718529661282,6458,0,0,34,10,0,0,7.0,707,0.6317745432022298,0.6317745432022298,0.6317745432022298,4080,2378,2378,6.16722270401358,0.5362802351316156,707.0,1.0,13,10,707,6458,6458,13,10
v_00HRwkvvjtQ_c008,0.9989051523788173,1.0,0.9989051523788173,0.9989051523788173,0.9989051523788173,0.9989051523788173,0.9989051523788173,0.9989051523788173,0.9989051523788173,0.9989051523788173,0.9989051523788173,0.9989051523788173,0.9989051523788173,0.9989051523788173,0.9989051523788173,0.9989051523788173,0.9989051523788173,0.9989051523788173,0.9989051523788173,0.9989051523788173,0.9989051523788173,0.9989051523788173,0.9989051523788174,1.0,1.0,1.0,1.0,1.0,1.0,1.0,1.0,1.0,1.0,1.0,1.0,1.0,1.0,1.0,1.0,1.0,1.0,1.0,1.0,0.9978115034489481,0.9978115034489481,0.9978115034489481,0.9978115034489481,0.9978115034489481,0.9978115034489481,0.9978115034489481,0.9978115034489481,0.9978115034489481,0.9978115034489481,0.9978115034489481,0.9978115034489481,0.9978115034489481,0.9978115034489481,0.9978115034489481,0.9978115034489481,0.9978115034489481,0.9978115034489481,0.9978115034489481,0.9978115034489479,1.0,1.0,1.0,1.0,1.0,1.0,1.0,1.0,1.0,1.0,1.0,1.0,1.0,1.0,1.0,1.0,1.0,1.0,1.0,1.0,1.0,1.0,1.0,1.0,1.0,1.0,1.0,1.0,1.0,1.0,1.0,1.0,1.0,1.0,1.0,1.0,1.0,1.0,1.0,1.0,0.9985427577107641,0.9985427577107641,0.9985427577107641,0.9985427577107641,0.9985427577107641,0.9985427577107641,0.9985427577107641,0.9985427577107641,0.9985427577107641,0.9985427577107641,0.9985427577107641,0.9985427577107641,0.9985427577107641,0.9985427577107641,0.9985427577107641,0.9985427577107641,0.9985427577107641,0.9985427577107641,0.9985427577107641,0.9985427577107643,0.9985427577107641,0.9985427577107641,0.9985427577107641,0.9985427577107641,0.9985427577107641,0.9985427577107641,0.9985427577107641,0.9985427577107641,0.9985427577107641,0.9985427577107641,0.9985427577107641,0.9985427577107641,0.9985427577107641,0.9985427577107641,0.9985427577107641,0.9985427577107641,0.9985427577107641,0.9985427577107641,0.9985427577107641,0.9985427577107643,1.0,1.0,1.0,1.0,1.0,1.0,1.0,1.0,1.0,1.0,1.0,1.0,1.0,1.0,1.0,1.0,1.0,1.0,1.0,1.0,0.9989051523788173,0.9989051523788173,0.9989051523788173,0.9989051523788173,0.9989051523788173,0.9989051523788173,0.9989051523788173,0.9989051523788173,0.9989051523788173,0.9989051523788173,0.9989051523788173,0.9989051523788173,0.9989051523788173,0.9989051523788173,0.9989051523788173,0.9989051523788173,0.9989051523788173,0.9989051523788173,0.9989051523788173,0.9989051523788174,9538.0,9538.0,9538.0,9538.0,9538.0,9538.0,9538.0,9538.0,9538.0,9538.0,9538.0,9538.0,9538.0,9538.0,9538.0,9538.0,9538.0,9538.0,9538.0,9538.0,0.0,0.0,0.0,0.0,0.0,0.0,0.0,0.0,0.0,0.0,0.0,0.0,0.0,0.0,0.0,0.0,0.0,0.0,0.0,0.0,0.0,0.0,0.0,0.0,0.0,0.0,0.0,0.0,0.0,0.0,0.0,0.0,0.0,0.0,0.0,0.0,0.0,0.0,0.0,0.0,0.9998951562172363,1.0,1.0,1.0,1.0,1.0,0.0,0.0,0.9998951562172363,1.0,0.0,1.0,9538.0,9538,0,0,1,10,0,0,0.0,972,0.9992660935206542,0.9992660935206542,0.9992660935206542,9531,7,7,9.98559670781893,0.998559670781893,972.0,1.0,10,10,972,9538,9538,10,10
v_00HRwkvvjtQ_c011,0.6943111849427281,0.9846721908449717,0.6836689156057244,0.6943111849427281,0.6922239506388496,0.6914997010017365,0.690090256858134,0.685650801432471,0.6828366890171523,0.6800339920694114,0.6766794866743935,0.6738910438963147,0.6722551277607652,0.6710438395550898,0.6679088437038079,0.6651499929150273,0.6624323909056808,0.6621800119694488,0.6621800119694488,0.6621800119694488,0.6621800119694488,0.6621800119694488,0.6745740716430951,0.9988546886184682,0.9957118353344768,0.9945714285714286,0.9925788497217068,0.9863422962014511,0.9823938662501774,0.9787414965986394,0.9742647058823529,0.9700860730915761,0.967310131041285,0.9648184632704756,0.9587542087542088,0.9532736429770565,0.9483672899804633,0.9478236607142857,0.9478236607142857,0.9478236607142857,0.9478236607142857,0.9478236607142857,0.9686940673613259,0.4826207726003981,0.4812376240130696,0.4807817948001203,0.4797851200879872,0.4766266470732113,0.47462220590571913,0.4724906749912734,0.46999047068139777,0.46813283031308395,0.4671996522089092,0.4667197527278257,0.46529362731811774,0.464110716093206,0.46270751549229044,0.46262019658953896,0.46262019658953896,0.46262019658953896,0.46262019658953896,0.46262019658953896,0.4697589677502265,0.9994270161867927,0.9978513107004727,0.9972783268872655,0.9962756052141527,0.9931241942415127,0.9911187508952872,0.9892565535023635,0.9869646182495344,0.9848159289500071,0.983383469416989,0.9820942558372726,0.9789428448646326,0.9760779257985962,0.9734994986391634,0.9732130067325598,0.9732130067325598,0.9732130067325598,0.9732130067325598,0.9732130067325598,0.9840092280550969,0.9994270161867927,0.9978513107004727,0.9972783268872655,0.9962756052141527,0.9931241942415127,0.9911187508952872,0.9892565535023635,0.9869646182495344,0.9848159289500071,0.983383469416989,0.9820942558372726,0.9789428448646326,0.9760779257985962,0.9734994986391634,0.9732130067325598,0.9732130067325598,0.9732130067325598,0.9732130067325598,0.9732130067325598,0.9840092280550969,0.5833891082880076,0.582774188823384,0.5824552957079543,0.5819140565191157,0.5803142393483695,0.5792410841725304,0.578001633594965,0.5766780495961137,0.5756342360547134,0.5750311525399374,0.5745621926822088,0.5732173240550675,0.571937895931269,0.5709189486262999,0.5707906151819316,0.5707906151819316,0.5707906151819316,0.5707906151819316,0.5707906151819316,0.5757906569394522,0.6576427090399976,0.6571563135782102,0.6567775341354504,0.6562044889691238,0.6547500380949346,0.6537252987010841,0.6521492867626731,0.650889106315771,0.6498421069089066,0.6491938786215599,0.6487524221617459,0.6475795439027012,0.6466243128793666,0.6458559426237728,0.6457625192159918,0.6457625192159918,0.6457625192159918,0.6457625192159918,0.6457625192159918,0.6503134515144873,0.9846721908449717,0.9861165217794463,0.9866092992480829,0.9874365889464192,0.9898781429173695,0.9913385374351582,0.992589646901336,0.9939967848658539,0.9952387867292604,0.9959826624085898,0.9966019090213589,0.9979480353594795,0.9990328337845353,0.999917495719686,1.0,1.0,1.0,1.0,1.0,0.9945978650506078,0.6945100709923366,0.6929672386771417,0.6924400796575257,0.6913741468180629,0.6880039642535621,0.6858622076368125,0.6836771874970471,0.681075594539244,0.678987973499366,0.6778173905260971,0.6770249539269507,0.6749043393134928,0.6730588570884107,0.6711523927904286,0.6709903073056369,0.6709903073056369,0.6709903073056369,0.6709903073056369,0.6709903073056369,0.6798846280918244,6977.0,6966.0,6962.0,6955.0,6933.0,6919.0,6906.0,6890.0,6875.0,6865.0,6856.0,6834.0,6814.0,6796.0,6794.0,6794.0,6794.0,6794.0,6794.0,6869.368421052632,4.0,15.0,19.0,26.0,48.0,62.0,75.0,91.0,106.0,116.0,125.0,147.0,167.0,185.0,187.0,187.0,187.0,187.0,187.0,111.63157894736842,4.0,15.0,19.0,26.0,48.0,62.0,75.0,91.0,106.0,116.0,125.0,147.0,167.0,185.0,187.0,187.0,187.0,187.0,187.0,111.63157894736842,0.9958458673542473,0.9988062411288667,1.0,1.0,1.0,1.0,0.0,0.0,0.9946521084831139,1.0,0.0,0.9997905174046843,6972.666369320618,6981,0,0,29,10,0,0,8.0,734,0.6596476149548776,0.6596476149548776,0.6596476149548776,4605,2376,2376,6.452085039837807,0.5610508730293745,734.0,1.0,13,10,734,6981,6981,13,10
v_0kUtTtmLaJA_c004,0.8993034865533338,0.9991222129368954,0.8985140895870324,0.8993034865533338,0.8993034865533338,0.8993034865533338,0.8993034865533338,0.8993034865533338,0.8993034865533338,0.8989627712827452,0.8986231957120652,0.8982847554117609,0.8982847554117609,0.897947445974781,0.8976112630164081,0.8976112630164081,0.8976112630164081,0.8976112630164081,0.8976112630164081,0.8976112630164081,0.8976112630164081,0.8976112630164081,0.8983586288023357,1.0,1.0,1.0,1.0,1.0,1.0,0.9993617360778682,0.9987238794066039,0.9980864295965556,0.9980864295965556,0.9974493862585685,0.9968127490039841,0.9968127490039841,0.9968127490039841,0.9968127490039841,0.9968127490039841,0.9968127490039841,0.9968127490039841,0.9968127490039841,0.9982215712088433,0.8087467609269823,0.8087467609269823,0.8087467609269823,0.8087467609269823,0.8087467609269823,0.8087467609269823,0.808650196398339,0.8085554621479144,0.8084625518166165,0.8084625518166165,0.8083714590843539,0.8082821776697514,0.8082821776697514,0.8082821776697514,0.8082821776697514,0.8082821776697514,0.8082821776697514,0.8082821776697514,0.8082821776697514,0.8084863267465129,1.0,1.0,1.0,1.0,1.0,1.0,0.999680766161213,0.9993615323224262,0.9990422984836392,0.9990422984836392,0.9987230646448524,0.9984038308060654,0.9984038308060654,0.9984038308060654,0.9984038308060654,0.9984038308060654,0.9984038308060654,0.9984038308060654,0.9984038308060654,0.9991095056075943,1.0,1.0,1.0,1.0,1.0,1.0,0.999680766161213,0.9993615323224262,0.9990422984836392,0.9990422984836392,0.9987230646448524,0.9984038308060654,0.9984038308060654,0.9984038308060654,0.9984038308060654,0.9984038308060654,0.9984038308060654,0.9984038308060654,0.9984038308060654,0.9991095056075943,0.8521298009974707,0.8521298009974707,0.8521298009974707,0.8521298009974707,0.8521298009974707,0.8521298009974707,0.8520317111377363,0.8519347506922117,0.8518389207435755,0.8518389207435755,0.8517442223758903,0.8516506566746057,0.8516506566746057,0.8516506566746057,0.8516506566746057,0.8516506566746057,0.8516506566746057,0.8516506566746057,0.8516506566746057,0.8518617150039295,0.8596019191276983,0.8596019191276983,0.8596019191276983,0.8596019191276983,0.8596019191276983,0.8596019191276983,0.8595038483384441,0.8594069127157051,0.8593111133476745,0.8593111133476745,0.8592164513239364,0.8591229277354685,0.8591229277354685,0.8591229277354685,0.8591229277354685,0.8591229277354685,0.8591229277354685,0.8591229277354685,0.8591229277354685,0.8593339145117566,0.9991222129368954,0.9991222129368954,0.9991222129368954,0.9991222129368954,0.9991222129368954,0.9991222129368954,0.9993307747969286,0.9995300135097218,0.9997073109038396,0.9997073109038396,0.9998641916641038,1.0,1.0,1.0,1.0,1.0,1.0,1.0,1.0,0.9996248883894634,0.8993034865533338,0.8993034865533338,0.8993034865533338,0.8993034865533338,0.8993034865533338,0.8993034865533338,0.8991062495010849,0.8989100208696126,0.8987147968097671,0.8987147968097671,0.8985205734918688,0.8983273471055797,0.8983273471055797,0.8983273471055797,0.8983273471055797,0.8983273471055797,0.8983273471055797,0.8983273471055797,0.8983273471055797,0.8987582175603547,6265.0,6265.0,6265.0,6265.0,6265.0,6265.0,6263.0,6261.0,6259.0,6259.0,6257.0,6255.0,6255.0,6255.0,6255.0,6255.0,6255.0,6255.0,6255.0,6259.421052631579,0.0,0.0,0.0,0.0,0.0,0.0,2.0,4.0,6.0,6.0,8.0,10.0,10.0,10.0,10.0,10.0,10.0,10.0,10.0,5.578947368421052,0.0,0.0,0.0,0.0,0.0,0.0,2.0,4.0,6.0,6.0,8.0,10.0,10.0,10.0,10.0,10.0,10.0,10.0,10.0,5.578947368421052,0.9979249800478851,0.9988872324788832,1.0,1.0,1.0,1.0,0.0,0.0,0.9968122125267683,1.0,0.0,0.999822195793726,6258.028511480204,6265,0,0,13,12,0,0,3.0,542,0.8849162011173184,0.8849162011173184,0.8849162011173184,5544,721,721,10.599887017758226,0.8479909614206581,542.0,1.0,13,12,542,6265,6265,13,12
v_0kUtTtmLaJA_c005,0.9570989021805639,0.9859247072288189,0.9436274549213964,0.9570989021805639,0.9570989021805639,0.9570989021805639,0.9570989021805639,0.9570989021805639,0.9570989021805639,0.9570989021805639,0.9570989021805639,0.9555990520997849,0.9526460942237162,0.9368057202327779,0.9215700694555954,0.918189252500058,0.918189252500058,0.918189252500058,0.918189252500058,0.918189252500058,0.918189252500058,0.918189252500058,0.9395124695240414,1.0,1.0,1.0,1.0,1.0,1.0,1.0,1.0,0.9979407979407979,0.9938350886206011,0.9705509012439706,0.945851090498872,0.9400149962509373,0.9400149962509373,0.9400149962509373,0.9400149962509373,0.9400149962509373,0.9400149962509373,0.9400149962509373,0.9730675185295159,0.9160383085552407,0.9160383085552407,0.9160383085552407,0.9160383085552407,0.9160383085552407,0.9160383085552407,0.9160383085552407,0.9160383085552407,0.9150538291031775,0.9131641569420931,0.9042338287832337,0.8979123684981403,0.8968702699095632,0.8968702699095632,0.8968702699095632,0.8968702699095632,0.8968702699095632,0.8968702699095632,0.8968702699095632,0.9071980284808164,1.0,1.0,1.0,1.0,1.0,1.0,1.0,1.0,0.9989693377995362,0.9969080133986086,0.9850553980932749,0.9721721205874775,0.9690801339860861,0.9690801339860861,0.9690801339860861,0.9690801339860861,0.9690801339860861,0.9690801339860861,0.9690801339860861,0.9861403056727105,1.0,1.0,1.0,1.0,1.0,1.0,1.0,1.0,0.9989693377995362,0.9969080133986086,0.9850553980932749,0.9721721205874775,0.9690801339860861,0.9690801339860861,0.9690801339860861,0.9690801339860861,0.9690801339860861,0.9690801339860861,0.9690801339860861,0.9861403056727105,0.9404475508377713,0.9404475508377713,0.9404475508377713,0.9404475508377713,0.9404475508377713,0.9404475508377713,0.9404475508377713,0.9404475508377713,0.9397268689388416,0.9383165827969773,0.9310237716188364,0.9247177416796354,0.9234627547051554,0.9234627547051554,0.9234627547051554,0.9234627547051554,0.9234627547051554,0.9234627547051554,0.9234627547051554,0.93271603445645,0.940500506009524,0.940500506009524,0.940500506009524,0.940500506009524,0.940500506009524,0.940500506009524,0.940500506009524,0.940500506009524,0.9397798787457985,0.9383697022132532,0.9310775301910498,0.9247722126633544,0.9235173994862168,0.9235173994862168,0.9235173994862168,0.9235173994862168,0.9235173994862168,0.9235173994862168,0.9235173994862168,0.9327697456996402,0.9859247072288189,0.9859247072288189,0.9859247072288189,0.9859247072288189,0.9859247072288189,0.9859247072288189,0.9859247072288189,0.9859247072288189,0.9864823081422832,0.9875354981311839,0.9931233645375845,0.9987520194528094,1.0,1.0,1.0,1.0,1.0,1.0,1.0,0.9922784656891794,0.9570989021805639,0.9570989021805639,0.9570989021805639,0.9570989021805639,0.9570989021805639,0.9570989021805639,0.9570989021805639,0.9570989021805639,0.9560913751886538,0.9541177420025042,0.9437798547232689,0.9343047529497864,0.9322763331395347,0.9322763331395347,0.9322763331395347,0.9322763331395347,0.9322763331395347,0.9322763331395347,0.9322763331395347,0.945843119699235,3881.0,3881.0,3881.0,3881.0,3881.0,3881.0,3881.0,3881.0,3877.0,3869.0,3823.0,3773.0,3761.0,3761.0,3761.0,3761.0,3761.0,3761.0,3761.0,3827.2105263157896,0.0,0.0,0.0,0.0,0.0,0.0,0.0,0.0,4.0,12.0,58.0,108.0,120.0,120.0,120.0,120.0,120.0,120.0,120.0,53.78947368421053,0.0,0.0,0.0,0.0,0.0,0.0,0.0,0.0,4.0,12.0,58.0,108.0,120.0,120.0,120.0,120.0,120.0,120.0,120.0,53.78947368421053,0.9989693377995362,0.9986603511089753,1.0,1.0,1.0,1.0,0.0,0.0,0.9976296889085116,1.0,0.0,0.9998448698811316,3875.800822653933,3881,0,0,4,12,0,0,3.0,349,0.9613501674826076,0.9613501674826076,0.9613501674826076,3731,150,150,11.521926847074477,0.9601605705895397,349.0,1.0,12,12,349,3881,3881,12,12
v_0kUtTtmLaJA_c006,0.8939824654823766,1.0,0.8939824654823766,0.8939824654823766,0.8939824654823766,0.8939824654823766,0.8939824654823766,0.8939824654823766,0.8939824654823766,0.8939824654823766,0.8939824654823766,0.8939824654823766,0.8939824654823766,0.8939824654823766,0.8939824654823766,0.8939824654823766,0.8939824654823766,0.8939824654823766,0.8939824654823766,0.8939824654823766,0.8939824654823766,0.8939824654823766,0.8939824654823766,1.0,1.0,1.0,1.0,1.0,1.0,1.0,1.0,1.0,1.0,1.0,1.0,1.0,1.0,1.0,1.0,1.0,1.0,1.0,1.0,0.7992046485899486,0.7992046485899486,0.7992046485899486,0.7992046485899486,0.7992046485899486,0.7992046485899486,0.7992046485899486,0.7992046485899486,0.7992046485899486,0.7992046485899486,0.7992046485899486,0.7992046485899486,0.7992046485899486,0.7992046485899486,0.7992046485899486,0.7992046485899486,0.7992046485899486,0.7992046485899486,0.7992046485899486,0.7992046485899487,1.0,1.0,1.0,1.0,1.0,1.0,1.0,1.0,1.0,1.0,1.0,1.0,1.0,1.0,1.0,1.0,1.0,1.0,1.0,1.0,1.0,1.0,1.0,1.0,1.0,1.0,1.0,1.0,1.0,1.0,1.0,1.0,1.0,1.0,1.0,1.0,1.0,1.0,1.0,1.0,0.850733732722828,0.850733732722828,0.850733732722828,0.850733732722828,0.850733732722828,0.850733732722828,0.850733732722828,0.850733732722828,0.850733732722828,0.850733732722828,0.850733732722828,0.850733732722828,0.850733732722828,0.850733732722828,0.850733732722828,0.850733732722828,0.850733732722828,0.850733732722828,0.850733732722828,0.850733732722828,0.8521794084355198,0.8521794084355198,0.8521794084355198,0.8521794084355198,0.8521794084355198,0.8521794084355198,0.8521794084355198,0.8521794084355198,0.8521794084355198,0.8521794084355198,0.8521794084355198,0.8521794084355198,0.8521794084355198,0.8521794084355198,0.8521794084355198,0.8521794084355198,0.8521794084355198,0.8521794084355198,0.8521794084355198,0.8521794084355198,1.0,1.0,1.0,1.0,1.0,1.0,1.0,1.0,1.0,1.0,1.0,1.0,1.0,1.0,1.0,1.0,1.0,1.0,1.0,1.0,0.8939824654823766,0.8939824654823766,0.8939824654823766,0.8939824654823766,0.8939824654823766,0.8939824654823766,0.8939824654823766,0.8939824654823766,0.8939824654823766,0.8939824654823766,0.8939824654823766,0.8939824654823766,0.8939824654823766,0.8939824654823766,0.8939824654823766,0.8939824654823766,0.8939824654823766,0.8939824654823766,0.8939824654823766,0.8939824654823766,3705.0,3705.0,3705.0,3705.0,3705.0,3705.0,3705.0,3705.0,3705.0,3705.0,3705.0,3705.0,3705.0,3705.0,3705.0,3705.0,3705.0,3705.0,3705.0,3705.0,0.0,0.0,0.0,0.0,0.0,0.0,0.0,0.0,0.0,0.0,0.0,0.0,0.0,0.0,0.0,0.0,0.0,0.0,0.0,0.0,0.0,0.0,0.0,0.0,0.0,0.0,0.0,0.0,0.0,0.0,0.0,0.0,0.0,0.0,0.0,0.0,0.0,0.0,0.0,0.0,0.9975708502024292,0.9997351398627699,1.0,1.0,1.0,1.0,0.0,0.0,0.997305990065199,1.0,0.0,0.999742444666818,3704.0186931915623,3705,0,0,9,12,0,0,6.0,346,0.8747638326585695,0.8747638326585695,0.8747638326585695,3241,464,464,10.155004672926168,0.846250389410514,346.0,1.0,12,12,346,3705,3705,12,12
v_0kUtTtmLaJA_c007,0.9053074731057449,0.9981906473390648,0.9036694526203165,0.9053074731057449,0.9036708172293909,0.902862306179912,0.902862306179912,0.902862306179912,0.902862306179912,0.902862306179912,0.902862306179912,0.902862306179912,0.902862306179912,0.902862306179912,0.902862306179912,0.902862306179912,0.902862306179912,0.902862306179912,0.902862306179912,0.902862306179912,0.902862306179912,0.902862306179912,0.903033552389139,0.9986702127659575,0.9960159362549801,0.9946914399469144,0.9946914399469144,0.9946914399469144,0.9946914399469144,0.9946914399469144,0.9946914399469144,0.9946914399469144,0.9946914399469144,0.9946914399469144,0.9946914399469144,0.9946914399469144,0.9946914399469144,0.9946914399469144,0.9946914399469144,0.9946914399469144,0.9946914399469144,0.9946914399469144,0.9949705593746572,0.820672941261723,0.8198874296956834,0.8195107660361624,0.8195107660361624,0.8195107660361624,0.8195107660361624,0.8195107660361624,0.8195107660361624,0.8195107660361624,0.8195107660361624,0.8195107660361624,0.8195107660361624,0.8195107660361624,0.8195107660361624,0.8195107660361624,0.8195107660361624,0.8195107660361624,0.8195107660361624,0.8195107660361624,0.8195917575564297,0.9993346640053227,0.998003992015968,0.9973386560212908,0.9973386560212908,0.9973386560212908,0.9973386560212908,0.9973386560212908,0.9973386560212908,0.9973386560212908,0.9973386560212908,0.9973386560212908,0.9973386560212908,0.9973386560212908,0.9973386560212908,0.9973386560212908,0.9973386560212908,0.9973386560212908,0.9973386560212908,0.9973386560212908,0.9974787267570125,0.9993346640053227,0.998003992015968,0.9973386560212908,0.9973386560212908,0.9973386560212908,0.9973386560212908,0.9973386560212908,0.9973386560212908,0.9973386560212908,0.9973386560212908,0.9973386560212908,0.9973386560212908,0.9973386560212908,0.9973386560212908,0.9973386560212908,0.9973386560212908,0.9973386560212908,0.9973386560212908,0.9973386560212908,0.9974787267570125,0.8607240806444003,0.8605668128209394,0.8604939606235358,0.8604939606235358,0.8604939606235358,0.8604939606235358,0.8604939606235358,0.8604939606235358,0.8604939606235358,0.8604939606235358,0.8604939606235358,0.8604939606235358,0.8604939606235358,0.8604939606235358,0.8604939606235358,0.8604939606235358,0.8604939606235358,0.8604939606235358,0.8604939606235358,0.8605099065297604,0.8614970918712995,0.8613356854554255,0.8612606661438096,0.8612606661438096,0.8612606661438096,0.8612606661438096,0.8612606661438096,0.8612606661438096,0.8612606661438096,0.8612606661438096,0.8612606661438096,0.8612606661438096,0.8612606661438096,0.8612606661438096,0.8612606661438096,0.8612606661438096,0.8612606661438096,0.8612606661438096,0.8612606661438096,0.8612770579879732,0.9981906473390648,0.9994185875171034,1.0,1.0,1.0,1.0,1.0,1.0,1.0,1.0,1.0,1.0,1.0,1.0,1.0,1.0,1.0,1.0,1.0,0.9998741702555878,0.9056085898521744,0.9045722347275552,0.9040629214791881,0.9040629214791881,0.9040629214791881,0.9040629214791881,0.9040629214791881,0.9040629214791881,0.9040629214791881,0.9040629214791881,0.9040629214791881,0.9040629214791881,0.9040629214791881,0.9040629214791881,0.9040629214791881,0.9040629214791881,0.9040629214791881,0.9040629214791881,0.9040629214791881,0.9041710784066277,3004.0,3000.0,2998.0,2998.0,2998.0,2998.0,2998.0,2998.0,2998.0,2998.0,2998.0,2998.0,2998.0,2998.0,2998.0,2998.0,2998.0,2998.0,2998.0,2998.4210526315787,2.0,6.0,8.0,8.0,8.0,8.0,8.0,8.0,8.0,8.0,8.0,8.0,8.0,8.0,8.0,8.0,8.0,8.0,8.0,7.578947368421052,2.0,6.0,8.0,8.0,8.0,8.0,8.0,8.0,8.0,8.0,8.0,8.0,8.0,8.0,8.0,8.0,8.0,8.0,8.0,7.578947368421052,0.9963406520292748,1.0,1.0,1.0,1.0,1.0,0.0,0.0,0.9963406520292748,1.0,0.0,0.9996535619809852,3006.0,3006,0,0,11,12,0,0,1.0,271,0.8802395209580839,0.8802395209580839,0.8802395209580839,2646,360,360,10.458329905072016,0.8715274920893347,271.0,1.0,12,12,271,3006,3006,12,12
v_0kUtTtmLaJA_c008,0.9444684031634859,1.0,0.9444684031634859,0.9444684031634859,0.9444684031634859,0.9444684031634859,0.9444684031634859,0.9444684031634859,0.9444684031634859,0.9444684031634859,0.9444684031634859,0.9444684031634859,0.9444684031634859,0.9444684031634859,0.9444684031634859,0.9444684031634859,0.9444684031634859,0.9444684031634859,0.9444684031634859,0.9444684031634859,0.9444684031634859,0.9444684031634859,0.944468403163486,1.0,1.0,1.0,1.0,1.0,1.0,1.0,1.0,1.0,1.0,1.0,1.0,1.0,1.0,1.0,1.0,1.0,1.0,1.0,1.0,0.8920205645741849,0.8920205645741849,0.8920205645741849,0.8920205645741849,0.8920205645741849,0.8920205645741849,0.8920205645741849,0.8920205645741849,0.8920205645741849,0.8920205645741849,0.8920205645741849,0.8920205645741849,0.8920205645741849,0.8920205645741849,0.8920205645741849,0.8920205645741849,0.8920205645741849,0.8920205645741849,0.8920205645741849,0.8920205645741849,1.0,1.0,1.0,1.0,1.0,1.0,1.0,1.0,1.0,1.0,1.0,1.0,1.0,1.0,1.0,1.0,1.0,1.0,1.0,1.0,1.0,1.0,1.0,1.0,1.0,1.0,1.0,1.0,1.0,1.0,1.0,1.0,1.0,1.0,1.0,1.0,1.0,1.0,1.0,1.0,0.9204562330264096,0.9204562330264096,0.9204562330264096,0.9204562330264096,0.9204562330264096,0.9204562330264096,0.9204562330264096,0.9204562330264096,0.9204562330264096,0.9204562330264096,0.9204562330264096,0.9204562330264096,0.9204562330264096,0.9204562330264096,0.9204562330264096,0.9204562330264096,0.9204562330264096,0.9204562330264096,0.9204562330264096,0.9204562330264096,0.9197897791221474,0.9197897791221474,0.9197897791221474,0.9197897791221474,0.9197897791221474,0.9197897791221474,0.9197897791221474,0.9197897791221474,0.9197897791221474,0.9197897791221474,0.9197897791221474,0.9197897791221474,0.9197897791221474,0.9197897791221474,0.9197897791221474,0.9197897791221474,0.9197897791221474,0.9197897791221474,0.9197897791221474,0.9197897791221475,1.0,1.0,1.0,1.0,1.0,1.0,1.0,1.0,1.0,1.0,1.0,1.0,1.0,1.0,1.0,1.0,1.0,1.0,1.0,1.0,0.9444684031634859,0.9444684031634859,0.9444684031634859,0.9444684031634859,0.9444684031634859,0.9444684031634859,0.9444684031634859,0.9444684031634859,0.9444684031634859,0.9444684031634859,0.9444684031634859,0.9444684031634859,0.9444684031634859,0.9444684031634859,0.9444684031634859,0.9444684031634859,0.9444684031634859,0.9444684031634859,0.9444684031634859,0.944468403163486,3011.0,3011.0,3011.0,3011.0,3011.0,3011.0,3011.0,3011.0,3011.0,3011.0,3011.0,3011.0,3011.0,3011.0,3011.0,3011.0,3011.0,3011.0,3011.0,3011.0,0.0,0.0,0.0,0.0,0.0,0.0,0.0,0.0,0.0,0.0,0.0,0.0,0.0,0.0,0.0,0.0,0.0,0.0,0.0,0.0,0.0,0.0,0.0,0.0,0.0,0.0,0.0,0.0,0.0,0.0,0.0,0.0,0.0,0.0,0.0,0.0,0.0,0.0,0.0,0.0,0.9983394221188974,1.0,1.0,1.0,1.0,1.0,0.0,0.0,0.9983394221188974,1.0,0.0,0.9997678611742491,3011.0,3011,0,0,5,12,0,0,2.0,266,0.9425440053138492,0.9425440053138492,0.9425440053138492,2838,173,173,11.249092595744306,0.9374243829786922,266.0,1.0,12,12,266,3011,3011,12,12
v_0kUtTtmLaJA_c010,0.9843006500047788,1.0,0.9843006500047788,0.9843006500047788,0.9843006500047788,0.9843006500047788,0.9843006500047788,0.9843006500047788,0.9843006500047788,0.9843006500047788,0.9843006500047788,0.9843006500047788,0.9843006500047788,0.9843006500047788,0.9843006500047788,0.9843006500047788,0.9843006500047788,0.9843006500047788,0.9843006500047788,0.9843006500047788,0.9843006500047788,0.9843006500047788,0.9843006500047791,1.0,1.0,1.0,1.0,1.0,1.0,1.0,1.0,1.0,1.0,1.0,1.0,1.0,1.0,1.0,1.0,1.0,1.0,1.0,1.0,0.9688477695998301,0.9688477695998301,0.9688477695998301,0.9688477695998301,0.9688477695998301,0.9688477695998301,0.9688477695998301,0.9688477695998301,0.9688477695998301,0.9688477695998301,0.9688477695998301,0.9688477695998301,0.9688477695998301,0.9688477695998301,0.9688477695998301,0.9688477695998301,0.9688477695998301,0.9688477695998301,0.9688477695998301,0.96884776959983,1.0,1.0,1.0,1.0,1.0,1.0,1.0,1.0,1.0,1.0,1.0,1.0,1.0,1.0,1.0,1.0,1.0,1.0,1.0,1.0,1.0,1.0,1.0,1.0,1.0,1.0,1.0,1.0,1.0,1.0,1.0,1.0,1.0,1.0,1.0,1.0,1.0,1.0,1.0,1.0,0.9793482648226122,0.9793482648226122,0.9793482648226122,0.9793482648226122,0.9793482648226122,0.9793482648226122,0.9793482648226122,0.9793482648226122,0.9793482648226122,0.9793482648226122,0.9793482648226122,0.9793482648226122,0.9793482648226122,0.9793482648226122,0.9793482648226122,0.9793482648226122,0.9793482648226122,0.9793482648226122,0.9793482648226122,0.9793482648226121,0.9793482648226122,0.9793482648226122,0.9793482648226122,0.9793482648226122,0.9793482648226122,0.9793482648226122,0.9793482648226122,0.9793482648226122,0.9793482648226122,0.9793482648226122,0.9793482648226122,0.9793482648226122,0.9793482648226122,0.9793482648226122,0.9793482648226122,0.9793482648226122,0.9793482648226122,0.9793482648226122,0.9793482648226122,0.9793482648226121,1.0,1.0,1.0,1.0,1.0,1.0,1.0,1.0,1.0,1.0,1.0,1.0,1.0,1.0,1.0,1.0,1.0,1.0,1.0,1.0,0.9843006500047788,0.9843006500047788,0.9843006500047788,0.9843006500047788,0.9843006500047788,0.9843006500047788,0.9843006500047788,0.9843006500047788,0.9843006500047788,0.9843006500047788,0.9843006500047788,0.9843006500047788,0.9843006500047788,0.9843006500047788,0.9843006500047788,0.9843006500047788,0.9843006500047788,0.9843006500047788,0.9843006500047788,0.9843006500047791,3056.0,3056.0,3056.0,3056.0,3056.0,3056.0,3056.0,3056.0,3056.0,3056.0,3056.0,3056.0,3056.0,3056.0,3056.0,3056.0,3056.0,3056.0,3056.0,3056.0,0.0,0.0,0.0,0.0,0.0,0.0,0.0,0.0,0.0,0.0,0.0,0.0,0.0,0.0,0.0,0.0,0.0,0.0,0.0,0.0,0.0,0.0,0.0,0.0,0.0,0.0,0.0,0.0,0.0,0.0,0.0,0.0,0.0,0.0,0.0,0.0,0.0,0.0,0.0,0.0,0.9977094240837696,1.0,1.0,1.0,1.0,1.0,0.0,0.0,0.9977094240837696,1.0,0.0,0.9997234626832414,3056.0,3056,0,0,7,12,0,0,3.0,270,0.9892015706806283,0.9892015706806283,0.9892015706806283,3023,33,33,11.766534397149183,0.9805445330957653,270.0,1.0,12,12,270,3056,3056,12,12
v_2QhNRucNC7E_c017,0.7951480428555782,1.0,0.7951480428555782,0.7951480428555782,0.7951480428555782,0.7951480428555782,0.7951480428555782,0.7951480428555782,0.7951480428555782,0.7951480428555782,0.7951480428555782,0.7951480428555782,0.7951480428555782,0.7951480428555782,0.7951480428555782,0.7951480428555782,0.7951480428555782,0.7951480428555782,0.7951480428555782,0.7951480428555782,0.7951480428555782,0.7951480428555782,0.7951480428555782,1.0,1.0,1.0,1.0,1.0,1.0,1.0,1.0,1.0,1.0,1.0,1.0,1.0,1.0,1.0,1.0,1.0,1.0,1.0,1.0,0.6322604100570564,0.6322604100570564,0.6322604100570564,0.6322604100570564,0.6322604100570564,0.6322604100570564,0.6322604100570564,0.6322604100570564,0.6322604100570564,0.6322604100570564,0.6322604100570564,0.6322604100570564,0.6322604100570564,0.6322604100570564,0.6322604100570564,0.6322604100570564,0.6322604100570564,0.6322604100570564,0.6322604100570564,0.6322604100570565,1.0,1.0,1.0,1.0,1.0,1.0,1.0,1.0,1.0,1.0,1.0,1.0,1.0,1.0,1.0,1.0,1.0,1.0,1.0,1.0,1.0,1.0,1.0,1.0,1.0,1.0,1.0,1.0,1.0,1.0,1.0,1.0,1.0,1.0,1.0,1.0,1.0,1.0,1.0,1.0,0.7230200802685983,0.7230200802685983,0.7230200802685983,0.7230200802685983,0.7230200802685983,0.7230200802685983,0.7230200802685983,0.7230200802685983,0.7230200802685983,0.7230200802685983,0.7230200802685983,0.7230200802685983,0.7230200802685983,0.7230200802685983,0.7230200802685983,0.7230200802685983,0.7230200802685983,0.7230200802685983,0.7230200802685983,0.7230200802685984,0.7422065311316396,0.7422065311316396,0.7422065311316396,0.7422065311316396,0.7422065311316396,0.7422065311316396,0.7422065311316396,0.7422065311316396,0.7422065311316396,0.7422065311316396,0.7422065311316396,0.7422065311316396,0.7422065311316396,0.7422065311316396,0.7422065311316396,0.7422065311316396,0.7422065311316396,0.7422065311316396,0.7422065311316396,0.7422065311316396,1.0,1.0,1.0,1.0,1.0,1.0,1.0,1.0,1.0,1.0,1.0,1.0,1.0,1.0,1.0,1.0,1.0,1.0,1.0,1.0,0.7951480428555782,0.7951480428555782,0.7951480428555782,0.7951480428555782,0.7951480428555782,0.7951480428555782,0.7951480428555782,0.7951480428555782,0.7951480428555782,0.7951480428555782,0.7951480428555782,0.7951480428555782,0.7951480428555782,0.7951480428555782,0.7951480428555782,0.7951480428555782,0.7951480428555782,0.7951480428555782,0.7951480428555782,0.7951480428555782,6622.0,6622.0,6622.0,6622.0,6622.0,6622.0,6622.0,6622.0,6622.0,6622.0,6622.0,6622.0,6622.0,6622.0,6622.0,6622.0,6622.0,6622.0,6622.0,6622.0,0.0,0.0,0.0,0.0,0.0,0.0,0.0,0.0,0.0,0.0,0.0,0.0,0.0,0.0,0.0,0.0,0.0,0.0,0.0,0.0,0.0,0.0,0.0,0.0,0.0,0.0,0.0,0.0,0.0,0.0,0.0,0.0,0.0,0.0,0.0,0.0,0.0,0.0,0.0,0.0,0.9951676230745998,1.0,1.0,1.0,1.0,1.0,0.0,0.0,0.9951676230745998,1.0,0.0,0.9997727046242343,6622.0,6622,0,0,32,21,0,0,11.0,450,0.7642706131078224,0.7642706131078224,0.7642706131078224,5061,1561,1561,14.965286159038167,0.6802402799562803,450.0,1.0,23,21,450,6622,6622,23,21
v_4-EmEtrturE_c009,0.9755600887562216,1.0,0.9755600887562216,0.9755600887562216,0.9755600887562216,0.9755600887562216,0.9755600887562216,0.9755600887562216,0.9755600887562216,0.9755600887562216,0.9755600887562216,0.9755600887562216,0.9755600887562216,0.9755600887562216,0.9755600887562216,0.9755600887562216,0.9755600887562216,0.9755600887562216,0.9755600887562216,0.9755600887562216,0.9755600887562216,0.9755600887562216,0.9755600887562215,1.0,1.0,1.0,1.0,1.0,1.0,1.0,1.0,1.0,1.0,1.0,1.0,1.0,1.0,1.0,1.0,1.0,1.0,1.0,1.0,0.951717486774047,0.951717486774047,0.951717486774047,0.951717486774047,0.951717486774047,0.951717486774047,0.951717486774047,0.951717486774047,0.951717486774047,0.951717486774047,0.951717486774047,0.951717486774047,0.951717486774047,0.951717486774047,0.951717486774047,0.951717486774047,0.951717486774047,0.951717486774047,0.951717486774047,0.951717486774047,1.0,1.0,1.0,1.0,1.0,1.0,1.0,1.0,1.0,1.0,1.0,1.0,1.0,1.0,1.0,1.0,1.0,1.0,1.0,1.0,1.0,1.0,1.0,1.0,1.0,1.0,1.0,1.0,1.0,1.0,1.0,1.0,1.0,1.0,1.0,1.0,1.0,1.0,1.0,1.0,0.9677058037727501,0.9677058037727501,0.9677058037727501,0.9677058037727501,0.9677058037727501,0.9677058037727501,0.9677058037727501,0.9677058037727501,0.9677058037727501,0.9677058037727501,0.9677058037727501,0.9677058037727501,0.9677058037727501,0.9677058037727501,0.9677058037727501,0.9677058037727501,0.9677058037727501,0.9677058037727501,0.9677058037727501,0.9677058037727498,0.9688680354301564,0.9688680354301564,0.9688680354301564,0.9688680354301564,0.9688680354301564,0.9688680354301564,0.9688680354301564,0.9688680354301564,0.9688680354301564,0.9688680354301564,0.9688680354301564,0.9688680354301564,0.9688680354301564,0.9688680354301564,0.9688680354301564,0.9688680354301564,0.9688680354301564,0.9688680354301564,0.9688680354301564,0.9688680354301562,1.0,1.0,1.0,1.0,1.0,1.0,1.0,1.0,1.0,1.0,1.0,1.0,1.0,1.0,1.0,1.0,1.0,1.0,1.0,1.0,0.9755600887562216,0.9755600887562216,0.9755600887562216,0.9755600887562216,0.9755600887562216,0.9755600887562216,0.9755600887562216,0.9755600887562216,0.9755600887562216,0.9755600887562216,0.9755600887562216,0.9755600887562216,0.9755600887562216,0.9755600887562216,0.9755600887562216,0.9755600887562216,0.9755600887562216,0.9755600887562216,0.9755600887562216,0.9755600887562215,2785.0,2785.0,2785.0,2785.0,2785.0,2785.0,2785.0,2785.0,2785.0,2785.0,2785.0,2785.0,2785.0,2785.0,2785.0,2785.0,2785.0,2785.0,2785.0,2785.0,0.0,0.0,0.0,0.0,0.0,0.0,0.0,0.0,0.0,0.0,0.0,0.0,0.0,0.0,0.0,0.0,0.0,0.0,0.0,0.0,0.0,0.0,0.0,0.0,0.0,0.0,0.0,0.0,0.0,0.0,0.0,0.0,0.0,0.0,0.0,0.0,0.0,0.0,0.0,0.0,0.9989228007181329,1.0,1.0,1.0,1.0,1.0,0.0,0.0,0.9989228007181329,1.0,0.0,0.9998286817756841,2785.0,2785,0,0,3,12,0,0,0.0,250,0.9813285457809695,0.9813285457809695,0.9813285457809695,2733,52,52,11.579127962085307,0.9649273301737756,250.0,1.0,12,12,250,2785,2785,12,12
v_4r8QL_wglzQ_c001,0.8650453912510263,0.9882543592410735,0.8548848788452268,0.8650453912510263,0.8648269080365819,0.8648269080365819,0.8631855036532344,0.8610260334939871,0.85848139357505,0.8520701775826357,0.8500836538671983,0.8481132958439116,0.8453907817408367,0.84214557883583,0.839483608989399,0.8375049064302893,0.8368487022764249,0.8368487022764249,0.8368487022764249,0.8368487022764249,0.8364801795742137,0.8364801795742137,0.8480283847152995,1.0,0.9995113011606598,0.9995113011606598,0.9975588917368485,0.9946374162096283,0.9912398101958876,0.9825560266505149,0.9796782387806944,0.9768087933325281,0.9729957805907173,0.9687236857933358,0.9649417697202546,0.9621148543340127,0.9611743559017376,0.9611743559017376,0.9611743559017376,0.9611743559017376,0.9607044447106745,0.9607044447106745,0.9766517990891601,0.7483035289246411,0.7482912699392221,0.7482912699392221,0.7469125080122478,0.7453629013672047,0.7435035352029666,0.738913169156046,0.7376322040914227,0.7363735538592325,0.7345207328838456,0.7321067775605472,0.730337054396738,0.7290340286662917,0.728604281004487,0.728604281004487,0.728604281004487,0.728604281004487,0.7283187817781254,0.7283187817781254,0.736349327451254,1.0,0.9997555908590982,0.9997555908590982,0.9987779542954907,0.9973114994500795,0.9956006354637663,0.9912012709275327,0.9897348160821214,0.9882683612367102,0.9863130881094953,0.9841134058413785,0.9821581327141635,0.9806916778687523,0.9802028595869485,0.9802028595869485,0.9802028595869485,0.9802028595869485,0.9799584504460467,0.9799584504460467,0.9881268612077673,1.0,0.9997555908590982,0.9997555908590982,0.9987779542954907,0.9973114994500795,0.9956006354637663,0.9912012709275327,0.9897348160821214,0.9882683612367102,0.9863130881094953,0.9841134058413785,0.9821581327141635,0.9806916778687523,0.9802028595869485,0.9802028595869485,0.9802028595869485,0.9802028595869485,0.9799584504460467,0.9799584504460467,0.9881268612077673,0.7897091352707998,0.7896966738761245,0.7896966738761245,0.7887852962626101,0.7878076530264672,0.7866137707328289,0.7836296521557572,0.7828181480113887,0.7820158941735544,0.7807896613511857,0.7791121800486498,0.7779163358347929,0.7770289647702769,0.7767349934715612,0.7767349934715612,0.7767349934715612,0.7767349934715612,0.7765261741128758,0.7765261741128758,0.781874334815924,0.8811901800347601,0.8810691189662418,0.8810691189662418,0.8801925469206535,0.8789670293569419,0.8775378437122153,0.8739391926357238,0.8728040029615799,0.8716849235175939,0.8701664768375789,0.8683903171384696,0.8669128530342943,0.8658188689633974,0.8654569067141374,0.8654569067141374,0.8654569067141374,0.8654569067141374,0.8652571966504651,0.8652571966504651,0.871688657537009,0.9882543592410735,0.9884769969093161,0.9884769969093161,0.9892658252113349,0.9903741715025323,0.991601775432876,0.9945636577276286,0.9954723004163641,0.9963256576256515,0.997354862273511,0.9984169299777915,0.9992580697910803,0.9998082499838515,0.9999739444218635,0.9999739444218635,0.9999739444218635,0.9999739444218635,1.0,1.0,0.9956602963520936,0.8650453912510263,0.864932587380538,0.864932587380538,0.863712768685393,0.862182691079442,0.8603677075051285,0.8558105353245914,0.8544356464080102,0.8530736693454535,0.8511565145912445,0.84880863232219,0.8469394769393281,0.8455516570832097,0.8450917108503022,0.8450917108503022,0.8450917108503022,0.8450917108503022,0.8448207767461949,0.8448207767461949,0.8529978032731416,8183.0,8181.0,8181.0,8173.0,8161.0,8147.0,8111.0,8099.0,8087.0,8071.0,8053.0,8037.0,8025.0,8021.0,8021.0,8021.0,8021.0,8019.0,8019.0,8085.8421052631575,0.0,2.0,2.0,10.0,22.0,36.0,72.0,84.0,96.0,112.0,130.0,146.0,158.0,162.0,162.0,162.0,162.0,164.0,164.0,97.15789473684211,0.0,2.0,2.0,10.0,22.0,36.0,72.0,84.0,96.0,112.0,130.0,146.0,158.0,162.0,162.0,162.0,162.0,164.0,164.0,97.15789473684211,0.9985335451545888,0.9994007381213054,1.0,1.0,1.0,1.0,0.0,0.0,0.9979342832758941,1.0,0.0,0.9998681191193881,8178.0962400466415,8183,0,0,12,10,0,0,8.0,886,0.8350238298912379,0.8350238298912379,0.8350238298912379,6833,1350,1350,8.296810240934274,0.7214617600812412,886.0,1.0,13,10,886,8183,8183,13,10
v_5ekaksddqrc_c001,0.9849382341185667,0.9998943387128643,0.9848341642770005,0.9849382341185667,0.9849382341185667,0.9849382341185667,0.9849382341185667,0.9849382341185667,0.9849382341185667,0.9849382341185667,0.9849382341185667,0.9849382341185667,0.9849382341185667,0.9849382341185667,0.9849382341185667,0.9849382341185667,0.9849382341185667,0.9849382341185667,0.9849382341185667,0.9849382341185667,0.9833708263400721,0.9833708263400721,0.9847732438260935,1.0,1.0,1.0,1.0,1.0,1.0,1.0,1.0,1.0,1.0,1.0,1.0,1.0,1.0,1.0,1.0,1.0,0.9984371947646025,0.9984371947646025,0.9998354941857476,0.9701033250286005,0.9701033250286005,0.9701033250286005,0.9701033250286005,0.9701033250286005,0.9701033250286005,0.9701033250286005,0.9701033250286005,0.9701033250286005,0.9701033250286005,0.9701033250286005,0.9701033250286005,0.9701033250286005,0.9701033250286005,0.9701033250286005,0.9701033250286005,0.9701033250286005,0.9685318086780073,0.9685318086780073,0.9699379022548541,1.0,1.0,1.0,1.0,1.0,1.0,1.0,1.0,1.0,1.0,1.0,1.0,1.0,1.0,1.0,1.0,1.0,0.9992179863147606,0.9992179863147606,0.9999176827699748,1.0,1.0,1.0,1.0,1.0,1.0,1.0,1.0,1.0,1.0,1.0,1.0,1.0,1.0,1.0,1.0,1.0,0.9992179863147606,0.9992179863147606,0.9999176827699748,0.9708139245339588,0.9708139245339588,0.9708139245339588,0.9708139245339588,0.9708139245339588,0.9708139245339588,0.9708139245339588,0.9708139245339588,0.9708139245339588,0.9708139245339588,0.9708139245339588,0.9708139245339588,0.9708139245339588,0.9708139245339588,0.9708139245339588,0.9708139245339588,0.9708139245339588,0.9700113239664004,0.9700113239664004,0.9707294402636893,0.998443192200308,0.998443192200308,0.998443192200308,0.998443192200308,0.998443192200308,0.998443192200308,0.998443192200308,0.998443192200308,0.998443192200308,0.998443192200308,0.998443192200308,0.998443192200308,0.998443192200308,0.998443192200308,0.998443192200308,0.998443192200308,0.998443192200308,0.9976650869996826,0.9976650869996826,0.9983612863897157,0.9998943387128643,0.9998943387128643,0.9998943387128643,0.9998943387128643,0.9998943387128643,0.9998943387128643,0.9998943387128643,0.9998943387128643,0.9998943387128643,0.9998943387128643,0.9998943387128643,0.9998943387128643,0.9998943387128643,0.9998943387128643,0.9998943387128643,0.9998943387128643,0.9998943387128643,1.0,1.0,0.9999054609536153,0.9849382341185667,0.9849382341185667,0.9849382341185667,0.9849382341185667,0.9849382341185667,0.9849382341185667,0.9849382341185667,0.9849382341185667,0.9849382341185667,0.9849382341185667,0.9849382341185667,0.9849382341185667,0.9849382341185667,0.9849382341185667,0.9849382341185667,0.9849382341185667,0.9849382341185667,0.9837552559193935,0.9837552559193935,0.9848137100976013,5115.0,5115.0,5115.0,5115.0,5115.0,5115.0,5115.0,5115.0,5115.0,5115.0,5115.0,5115.0,5115.0,5115.0,5115.0,5115.0,5115.0,5111.0,5111.0,5114.578947368421,0.0,0.0,0.0,0.0,0.0,0.0,0.0,0.0,0.0,0.0,0.0,0.0,0.0,0.0,0.0,0.0,0.0,4.0,4.0,0.42105263157894735,0.0,0.0,0.0,0.0,0.0,0.0,0.0,0.0,0.0,0.0,0.0,0.0,0.0,0.0,0.0,0.0,0.0,4.0,4.0,0.42105263157894735,0.9990224828934506,0.9977273351237732,1.0,1.0,1.0,1.0,0.0,0.0,0.9967498180172238,1.0,0.0,0.9998633489727593,5103.3753191581,5115,0,0,5,10,0,0,4.0,550,0.9839687194525905,0.9839687194525905,0.9839687194525905,5033,82,82,9.799944895451267,0.8909040814046606,550.0,1.0,12,10,550,5115,5115,12,10
v_5ekaksddqrc_c002,0.7292751599979517,0.9975895471336308,0.7275172765981628,0.7292751599979517,0.7292751599979517,0.7292751599979517,0.7292751599979517,0.7292751599979517,0.7292751599979517,0.7292751599979517,0.7292751599979517,0.7267362201793011,0.7254856114994536,0.7246587776000185,0.7242474192103058,0.7242474192103058,0.7242474192103058,0.7234287980420376,0.7234287980420376,0.7234287980420376,0.7234287980420376,0.7234287980420376,0.7263667440580787,1.0,1.0,1.0,1.0,1.0,1.0,1.0,1.0,0.9958253609323361,0.9937445699391834,0.9923597846848411,0.9916681131747961,0.9916681131747961,0.9916681131747961,0.9902862098872507,0.9902862098872507,0.9902862098872507,0.9902862098872507,0.9902862098872507,0.9951771107640528,0.531842258990038,0.531842258990038,0.531842258990038,0.531842258990038,0.531842258990038,0.531842258990038,0.531842258990038,0.531842258990038,0.5303595935998499,0.5296425141975338,0.529173342226405,0.5289414041493251,0.5289414041493251,0.5289414041493251,0.5284827968028893,0.5284827968028893,0.5284827968028893,0.5284827968028893,0.5284827968028893,0.5301658799161323,1.0,1.0,1.0,1.0,1.0,1.0,1.0,1.0,0.997908314450061,0.9968624716750916,0.9961652431584452,0.995816628900122,0.995816628900122,0.995816628900122,0.9951194003834757,0.9951194003834757,0.9951194003834757,0.9951194003834757,0.9951194003834757,0.9975780483105969,1.0,1.0,1.0,1.0,1.0,1.0,1.0,1.0,0.997908314450061,0.9968624716750916,0.9961652431584452,0.995816628900122,0.995816628900122,0.995816628900122,0.9951194003834757,0.9951194003834757,0.9951194003834757,0.9951194003834757,0.9951194003834757,0.9975780483105969,0.621506611199141,0.621506611199141,0.621506611199141,0.621506611199141,0.621506611199141,0.621506611199141,0.621506611199141,0.621506611199141,0.620030405095502,0.6193060172874203,0.6188281913564128,0.618590811386489,0.618590811386489,0.618590811386489,0.6181191228082531,0.6181191228082531,0.6181191228082531,0.6181191228082531,0.6181191228082531,0.6198202921859576,0.7531891468515041,0.7531891468515041,0.7531891468515041,0.7531891468515041,0.7531891468515041,0.7531891468515041,0.7531891468515041,0.7531891468515041,0.7519889565431189,0.7514030109991893,0.7510176414067377,0.7508265381565933,0.7508265381565933,0.7508265381565933,0.750447500289004,0.750447500289004,0.750447500289004,0.750447500289004,0.750447500289004,0.7518231526145199,0.9975895471336308,0.9975895471336308,0.9975895471336308,0.9975895471336308,0.9975895471336308,0.9975895471336308,0.9975895471336308,0.9975895471336308,0.9987794712137292,0.9993325783429846,0.9996621619405754,0.9998031758401499,0.9998031758401499,0.9998031758401499,1.0,1.0,1.0,1.0,1.0,0.998836848215094,0.7292751599979517,0.7292751599979517,0.7292751599979517,0.7292751599979517,0.7292751599979517,0.7292751599979517,0.7292751599979517,0.7292751599979517,0.7274958749722541,0.7266228360072118,0.7260468932045188,0.7257607360319777,0.7257607360319777,0.7257607360319777,0.7251920324076054,0.7251920324076054,0.7251920324076054,0.7251920324076054,0.7251920324076054,0.727242592331661,5737.0,5737.0,5737.0,5737.0,5737.0,5737.0,5737.0,5737.0,5725.0,5719.0,5715.0,5713.0,5713.0,5713.0,5709.0,5709.0,5709.0,5709.0,5709.0,5723.105263157895,0.0,0.0,0.0,0.0,0.0,0.0,0.0,0.0,12.0,18.0,22.0,24.0,24.0,24.0,28.0,28.0,28.0,28.0,28.0,13.894736842105264,0.0,0.0,0.0,0.0,0.0,0.0,0.0,0.0,12.0,18.0,22.0,24.0,24.0,24.0,28.0,28.0,28.0,28.0,28.0,13.894736842105264,0.9972110859334147,0.9993430810178773,1.0,1.0,1.0,1.0,0.0,0.0,0.996554166951292,1.0,0.0,0.9997901133026571,5733.231255799562,5737,0,0,16,10,0,0,4.0,632,0.6719539829179013,0.6719539829179013,0.6719539829179013,3855,1882,1882,6.588444693272988,0.5729082341976511,632.0,1.0,13,10,632,5737,5737,13,10
v_5ekaksddqrc_c003,0.8493161383938242,0.9975390627499385,0.8472260246717725,0.8493161383938242,0.8493161383938242,0.8491293401822455,0.8488028419027182,0.8488028419027182,0.8475541690027194,0.8463208488192727,0.8459588283318312,0.8459588283318312,0.8457783594366105,0.8455982503852489,0.8455982503852489,0.8455982503852489,0.8455982503852489,0.8455982503852489,0.8455982503852489,0.8455982503852489,0.8455982503852489,0.8455982503852489,0.8467011888507807,1.0,1.0,0.9996610743941705,0.9989835676774521,0.9989835676774521,0.9966159052453468,0.9942538448538111,0.9935799966210509,0.9935799966210509,0.9932432432432432,0.9929066036142543,0.9929066036142543,0.9929066036142543,0.9929066036142543,0.9929066036142543,0.9929066036142543,0.9929066036142543,0.9929066036142543,0.9929066036142543,0.9950031909927299,0.7213379029361977,0.7213379029361977,0.7212650915664585,0.721199314716608,0.721199314716608,0.7207872818536317,0.7203985006982685,0.7202704781359548,0.7202704781359548,0.7202072988238782,0.7201446726729465,0.7201446726729465,0.7201446726729465,0.7201446726729465,0.7201446726729465,0.7201446726729465,0.7201446726729465,0.7201446726729465,0.7201446726729465,0.7205039799250672,1.0,1.0,0.9998305084745762,0.9994915254237288,0.9994915254237288,0.9983050847457627,0.9971186440677966,0.9967796610169491,0.9967796610169491,0.9966101694915255,0.9964406779661017,0.9964406779661017,0.9964406779661017,0.9964406779661017,0.9964406779661017,0.9964406779661017,0.9964406779661017,0.9964406779661017,0.9964406779661017,0.9974933095450492,1.0,1.0,0.9998305084745762,0.9994915254237288,0.9994915254237288,0.9983050847457627,0.9971186440677966,0.9967796610169491,0.9967796610169491,0.9966101694915255,0.9964406779661017,0.9964406779661017,0.9964406779661017,0.9964406779661017,0.9964406779661017,0.9964406779661017,0.9964406779661017,0.9964406779661017,0.9964406779661017,0.9974933095450492,0.753329375163441,0.753329375163441,0.753293515763478,0.753282164382061,0.753282164382061,0.7531009868787008,0.7529321626506226,0.7528696031485269,0.7528696031485269,0.7528387532405533,0.7528081900896024,0.7528081900896024,0.7528081900896024,0.7528081900896024,0.7528081900896024,0.7528081900896024,0.7528081900896024,0.7528081900896024,0.7528081900896024,0.7529684955119913,0.9016008926092298,0.9016008926092298,0.9014613926872943,0.9011696436436486,0.9011696436436486,0.9002012341491645,0.8992596351087315,0.8990001177117776,0.8990001177117776,0.8988712489707463,0.898742973938356,0.898742973938356,0.898742973938356,0.898742973938356,0.898742973938356,0.898742973938356,0.898742973938356,0.898742973938356,0.898742973938356,0.8995800833837079,0.9975390627499385,0.9975390627499385,0.9976838802920173,0.9979621933994424,0.9979621933994424,0.9988051412955216,0.9996188812955933,0.9998331404651338,0.9998331404651338,0.9999226241236178,1.0,1.0,1.0,1.0,1.0,1.0,1.0,1.0,1.0,0.9992999642229358,0.8493161383938242,0.8493161383938242,0.8492012972469213,0.8490186118105129,0.8490186118105129,0.8482721311551841,0.8475392475895916,0.8473198705547232,0.8473198705547232,0.8472106692847411,0.8471017919187205,0.8471017919187205,0.8471017919187205,0.8471017919187205,0.8471017919187205,0.8471017919187205,0.8471017919187205,0.8471017919187205,0.8471017919187205,0.847760458634897,11800.0,11800.0,11798.0,11794.0,11794.0,11780.0,11766.0,11762.0,11762.0,11760.0,11758.0,11758.0,11758.0,11758.0,11758.0,11758.0,11758.0,11758.0,11758.0,11770.421052631578,0.0,0.0,2.0,6.0,6.0,20.0,34.0,38.0,38.0,40.0,42.0,42.0,42.0,42.0,42.0,42.0,42.0,42.0,42.0,29.57894736842105,0.0,0.0,2.0,6.0,6.0,20.0,34.0,38.0,38.0,40.0,42.0,42.0,42.0,42.0,42.0,42.0,42.0,42.0,42.0,29.57894736842105,0.9988983050847458,0.9999228864147242,1.0,1.0,1.0,1.0,0.0,0.0,0.9988211914994699,1.0,0.0,0.9999055980209909,11799.090059693744,11800,0,0,13,10,0,0,5.0,1215,0.8284745762711865,0.8284745762711865,0.8284745762711865,9776,2024,2024,8.2151442871722,0.68459535726435,1215.0,1.0,14,10,1215,11800,11800,14,10
v_5ekaksddqrc_c004,0.8833373917911094,0.9983418737028432,0.8818727068325186,0.8833373917911094,0.8833373917911094,0.8833373917911094,0.8833373917911094,0.8830631597609867,0.8825167093487541,0.8819729312630671,0.8817020396670715,0.8814318105557287,0.8808933323881787,0.8806250796494941,0.8806250796494941,0.8806250796494941,0.8806250796494941,0.8806250796494941,0.8806250796494941,0.8806250796494941,0.8806250796494941,0.8806250796494941,0.8816081719470353,1.0,1.0,1.0,1.0,0.9994842037395228,0.9984534089444516,0.9974236764137576,0.9969092079845461,0.9963950045062444,0.9953673915840947,0.9948539817316352,0.9948539817316352,0.9948539817316352,0.9948539817316352,0.9948539817316352,0.9948539817316352,0.9948539817316352,0.9948539817316352,0.9948539817316352,0.9967220383556491,0.7802849477363198,0.7802849477363198,0.7802849477363198,0.7802849477363198,0.7802029699013463,0.7800421484895582,0.7798854888602859,0.7798087132977162,0.7797329705045515,0.7795845731002042,0.7795119134547238,0.7795119134547238,0.7795119134547238,0.7795119134547238,0.7795119134547238,0.7795119134547238,0.7795119134547238,0.7795119134547238,0.7795119134547238,0.7797896776942872,1.0,1.0,1.0,1.0,0.9997420353411582,0.9992261060234748,0.9987101767057913,0.9984522120469496,0.9981942473881078,0.9976783180704244,0.9974203534115826,0.9974203534115826,0.9974203534115826,0.9974203534115826,0.9974203534115826,0.9974203534115826,0.9974203534115826,0.9974203534115826,0.9974203534115826,0.9983571724357977,1.0,1.0,1.0,1.0,0.9997420353411582,0.9992261060234748,0.9987101767057913,0.9984522120469496,0.9981942473881078,0.9976783180704244,0.9974203534115826,0.9974203534115826,0.9974203534115826,0.9974203534115826,0.9974203534115826,0.9974203534115826,0.9974203534115826,0.9974203534115826,0.9974203534115826,0.9983571724357977,0.8244367551169576,0.8244367551169576,0.8244367551169576,0.8244367551169576,0.8244268396679696,0.8244088732493287,0.8243933960137406,0.8243865920454352,0.8243804118209028,0.824369924538496,0.8243656184495429,0.8243656184495429,0.8243656184495429,0.8243656184495429,0.8243656184495429,0.8243656184495429,0.8243656184495429,0.8243656184495429,0.8243656184495429,0.8243896644131362,0.8871745242557446,0.8871745242557446,0.8871745242557446,0.8871745242557446,0.887165537488775,0.88714963951012,0.8871365125125867,0.8871309894740967,0.8871261607928249,0.887118588656372,0.887115846279803,0.887115846279803,0.887115846279803,0.887115846279803,0.887115846279803,0.887115846279803,0.887115846279803,0.887115846279803,0.887115846279803,0.8871351653671568,0.9983418737028432,0.9983418737028432,0.9983418737028432,0.9983418737028432,0.9985451228955771,0.9989270770967009,0.9992841087381472,0.9994467395784944,0.9995944333902512,0.9998719487795118,1.0,1.0,1.0,1.0,1.0,1.0,1.0,1.0,1.0,0.9994229960678976,0.8833373917911094,0.8833373917911094,0.8833373917911094,0.8833373917911094,0.8831770519597916,0.8828581304883625,0.8825415425859219,0.8823841197378782,0.8822272755115228,0.8819153166173391,0.8817601988106232,0.8817601988106232,0.8817601988106232,0.8817601988106232,0.8817601988106232,0.8817601988106232,0.8817601988106232,0.8817601988106232,0.8817601988106232,0.8823313049137297,7753.0,7753.0,7753.0,7753.0,7751.0,7747.0,7743.0,7741.0,7739.0,7735.0,7733.0,7733.0,7733.0,7733.0,7733.0,7733.0,7733.0,7733.0,7733.0,7740.263157894737,0.0,0.0,0.0,0.0,2.0,6.0,10.0,12.0,14.0,18.0,20.0,20.0,20.0,20.0,20.0,20.0,20.0,20.0,20.0,12.736842105263158,0.0,0.0,0.0,0.0,2.0,6.0,10.0,12.0,14.0,18.0,20.0,20.0,20.0,20.0,20.0,20.0,20.0,20.0,20.0,12.736842105263158,0.9989681413646331,1.0,1.0,1.0,1.0,1.0,0.0,0.0,0.9989681413646331,1.0,0.0,0.9998835173498011,7753.0,7753,0,0,8,10,0,0,5.0,824,0.8699858119437637,0.8699858119437637,0.8699858119437637,6745,1008,1008,8.584421378131449,0.7804019434664954,824.0,1.0,12,10,824,7753,7753,12,10
v_5ekaksddqrc_c005,0.7297469402921073,0.9982619507447912,0.7284786041660417,0.7297469402921073,0.7297469402921073,0.7295000032114072,0.729253695763771,0.7290080163367912,0.7287629633233776,0.7287629633233776,0.7287629633233776,0.7287629633233776,0.7287629633233776,0.7282626004331078,0.7275199137525545,0.7270236240034542,0.7257916492859924,0.7257916492859924,0.7256178504253756,0.7256178504253756,0.7256178504253756,0.7256178504253756,0.7277858553145093,0.9995737879595099,0.9995737879595099,0.9991477575370192,0.998721908616466,0.9982962410818869,0.9978707548174173,0.9978707548174173,0.9978707548174173,0.9978707548174173,0.9978707548174173,0.9970203256358412,0.9957460384983516,0.9948974168172637,0.9927790166719762,0.9927790166719762,0.9923558764200021,0.9923558764200021,0.9923558764200021,0.9923558764200021,0.9961743461693104,0.5327576645970071,0.5327576645970071,0.5326241796281325,0.5324915256158131,0.5323597004706242,0.5322287021118746,0.5322287021118746,0.5322287021118746,0.5322287021118746,0.5322287021118746,0.5319514573099157,0.5315464028405478,0.5312742207634047,0.5306050080904682,0.5306050080904682,0.5305770614826282,0.5305770614826282,0.5305770614826282,0.5305770614826282,0.5317065572891196,0.9997868485558989,0.9997868485558989,0.9995736971117979,0.9993605456676969,0.9991473942235959,0.9989342427794948,0.9989342427794948,0.9989342427794948,0.9989342427794948,0.9989342427794948,0.9985079398912927,0.9978684855589897,0.9974421826707875,0.9963764254502824,0.9963764254502824,0.9961632740061814,0.9961632740061814,0.9961632740061814,0.9961632740061814,0.9980816370030908,0.9997868485558989,0.9997868485558989,0.9995736971117979,0.9993605456676969,0.9991473942235959,0.9989342427794948,0.9989342427794948,0.9989342427794948,0.9989342427794948,0.9989342427794948,0.9985079398912927,0.9978684855589897,0.9974421826707875,0.9963764254502824,0.9963764254502824,0.9961632740061814,0.9961632740061814,0.9961632740061814,0.9961632740061814,0.9980816370030908,0.6234891296462794,0.6234891296462794,0.6233692518817856,0.6232498327924337,0.6231308726717759,0.623012371813615,0.623012371813615,0.623012371813615,0.623012371813615,0.623012371813615,0.6227285744092852,0.6223280249432639,0.6220471409638447,0.6213515639349653,0.6213515639349653,0.6213241542698431,0.6213241542698431,0.6213241542698431,0.6213241542698431,0.6224680821564381,0.7317497701041304,0.7317497701041304,0.731592182497839,0.7314352097470598,0.7312788522453003,0.7311231103864038,0.7311231103864038,0.7311231103864038,0.7311231103864038,0.7311231103864038,0.7308836248573355,0.7304903338753628,0.7302538432104312,0.7296694420544751,0.7296694420544751,0.7296683696788843,0.7296683696788843,0.7296683696788843,0.7296683696788843,0.7306874474420052,0.9982619507447912,0.9982619507447912,0.9984507465844781,0.9986294543591387,0.9987988044924013,0.9989569628319122,0.9989569628319122,0.9989569628319122,0.9989569628319122,0.9989569628319122,0.9991636246562159,0.9994416266033811,0.9996073791797606,0.9999552004484331,0.9999552004484331,1.0,1.0,1.0,1.0,0.9992268817063886,0.7298247094552516,0.7298247094552516,0.7296554806222116,0.7294868207190884,0.7293187283450756,0.7291512021039523,0.7291512021039523,0.7291512021039523,0.7291512021039523,0.7291512021039523,0.72880570371032,0.7282948606209068,0.7279528270121438,0.7271054402816683,0.7271054402816683,0.7270085162356174,0.7270085162356174,0.7270085162356174,0.7270085162356174,0.7284823576824114,9381.0,9381.0,9379.0,9377.0,9375.0,9373.0,9373.0,9373.0,9373.0,9373.0,9369.0,9363.0,9359.0,9349.0,9349.0,9347.0,9347.0,9347.0,9347.0,9365.0,2.0,2.0,4.0,6.0,8.0,10.0,10.0,10.0,10.0,10.0,14.0,20.0,24.0,34.0,34.0,36.0,36.0,36.0,36.0,18.0,2.0,2.0,4.0,6.0,8.0,10.0,10.0,10.0,10.0,10.0,14.0,20.0,24.0,34.0,34.0,36.0,36.0,36.0,36.0,18.0,0.9982947884471918,0.9983351063840945,1.0,1.0,1.0,1.0,0.0,0.0,0.9966298948312862,1.0,0.0,0.9998716700434129,9367.378303201958,9383,0,0,16,10,0,0,8.0,1000,0.7086219759138869,0.7086219759138869,0.7086219759138869,6649,2734,2734,6.824227788057657,0.5934111120050136,1000.0,1.0,13,10,1000,9383,9383,13,10
v_9MHDmAMxO5I_c002,0.945887387935588,1.0,0.945887387935588,0.945887387935588,0.945887387935588,0.945887387935588,0.945887387935588,0.945887387935588,0.945887387935588,0.945887387935588,0.945887387935588,0.945887387935588,0.945887387935588,0.945887387935588,0.945887387935588,0.945887387935588,0.945887387935588,0.945887387935588,0.945887387935588,0.945887387935588,0.945887387935588,0.945887387935588,0.9458873879355881,0.9984871406959153,0.9984871406959153,0.9984871406959153,0.9984871406959153,0.9984871406959153,0.9984871406959153,0.9984871406959153,0.9984871406959153,0.9984871406959153,0.9984871406959153,0.9984871406959153,0.9984871406959153,0.9984871406959153,0.9984871406959153,0.9984871406959153,0.9984871406959153,0.9984871406959153,0.9984871406959153,0.9984871406959153,0.9984871406959152,0.8960585611869061,0.8960585611869061,0.8960585611869061,0.8960585611869061,0.8960585611869061,0.8960585611869061,0.8960585611869061,0.8960585611869061,0.8960585611869061,0.8960585611869061,0.8960585611869061,0.8960585611869061,0.8960585611869061,0.8960585611869061,0.8960585611869061,0.8960585611869061,0.8960585611869061,0.8960585611869061,0.8960585611869061,0.8960585611869061,0.9992429977289932,0.9992429977289932,0.9992429977289932,0.9992429977289932,0.9992429977289932,0.9992429977289932,0.9992429977289932,0.9992429977289932,0.9992429977289932,0.9992429977289932,0.9992429977289932,0.9992429977289932,0.9992429977289932,0.9992429977289932,0.9992429977289932,0.9992429977289932,0.9992429977289932,0.9992429977289932,0.9992429977289932,0.9992429977289929,0.9992429977289932,0.9992429977289932,0.9992429977289932,0.9992429977289932,0.9992429977289932,0.9992429977289932,0.9992429977289932,0.9992429977289932,0.9992429977289932,0.9992429977289932,0.9992429977289932,0.9992429977289932,0.9992429977289932,0.9992429977289932,0.9992429977289932,0.9992429977289932,0.9992429977289932,0.9992429977289932,0.9992429977289932,0.9992429977289929,0.9239816601255518,0.9239816601255518,0.9239816601255518,0.9239816601255518,0.9239816601255518,0.9239816601255518,0.9239816601255518,0.9239816601255518,0.9239816601255518,0.9239816601255518,0.9239816601255518,0.9239816601255518,0.9239816601255518,0.9239816601255518,0.9239816601255518,0.9239816601255518,0.9239816601255518,0.9239816601255518,0.9239816601255518,0.9239816601255517,0.9230291339078741,0.9230291339078741,0.9230291339078741,0.9230291339078741,0.9230291339078741,0.9230291339078741,0.9230291339078741,0.9230291339078741,0.9230291339078741,0.9230291339078741,0.9230291339078741,0.9230291339078741,0.9230291339078741,0.9230291339078741,0.9230291339078741,0.9230291339078741,0.9230291339078741,0.9230291339078741,0.9230291339078741,0.9230291339078741,1.0,1.0,1.0,1.0,1.0,1.0,1.0,1.0,1.0,1.0,1.0,1.0,1.0,1.0,1.0,1.0,1.0,1.0,1.0,1.0,0.9462453396562291,0.9462453396562291,0.9462453396562291,0.9462453396562291,0.9462453396562291,0.9462453396562291,0.9462453396562291,0.9462453396562291,0.9462453396562291,0.9462453396562291,0.9462453396562291,0.9462453396562291,0.9462453396562291,0.9462453396562291,0.9462453396562291,0.9462453396562291,0.9462453396562291,0.9462453396562291,0.9462453396562291,0.9462453396562293,2640.0,2640.0,2640.0,2640.0,2640.0,2640.0,2640.0,2640.0,2640.0,2640.0,2640.0,2640.0,2640.0,2640.0,2640.0,2640.0,2640.0,2640.0,2640.0,2640.0,2.0,2.0,2.0,2.0,2.0,2.0,2.0,2.0,2.0,2.0,2.0,2.0,2.0,2.0,2.0,2.0,2.0,2.0,2.0,2.0,2.0,2.0,2.0,2.0,2.0,2.0,2.0,2.0,2.0,2.0,2.0,2.0,2.0,2.0,2.0,2.0,2.0,2.0,2.0,2.0,0.9965934897804694,1.0,1.0,1.0,1.0,1.0,0.0,0.0,0.9965934897804694,1.0,0.0,0.9996388181266317,2642.0,2642,0,0,9,12,0,0,2.0,239,0.9454958364875095,0.9454958364875095,0.9454958364875095,2498,144,144,11.308008798071558,0.9423340665059632,239.0,1.0,12,12,239,2642,2642,12,12
v_9MHDmAMxO5I_c003,0.9969820682900657,0.9981021810398526,0.9950899768179379,0.9969820682900657,0.9969820682900657,0.9969820682900657,0.9969820682900657,0.9969820682900657,0.9969820682900657,0.9969820682900657,0.9969820682900657,0.9969820682900657,0.9937328974789826,0.9921328451772671,0.9905488655430333,0.9889807511016604,0.9889807511016604,0.9889807511016604,0.9889807511016604,0.9889807511016604,0.9889807511016604,0.9889807511016604,0.9932693937116577,1.0,1.0,1.0,1.0,1.0,1.0,1.0,1.0,1.0,0.9967280163599181,0.9950960359624029,0.9934667211106574,0.9918400652794778,0.9918400652794778,0.9918400652794778,0.9918400652794778,0.9918400652794778,0.9918400652794778,0.9918400652794778,0.9962195384415435,0.9939732444919374,0.9939732444919374,0.9939732444919374,0.9939732444919374,0.9939732444919374,0.9939732444919374,0.9939732444919374,0.9939732444919374,0.9939732444919374,0.9907467787836179,0.9891784781632165,0.9876395798458766,0.9861296798632581,0.9861296798632581,0.9861296798632581,0.9861296798632581,0.9861296798632581,0.9861296798632581,0.9861296798632581,0.9903279892769974,1.0,1.0,1.0,1.0,1.0,1.0,1.0,1.0,1.0,0.9983613273248668,0.9975419909873003,0.9967226546497338,0.9959033183121672,0.9959033183121672,0.9959033183121672,0.9959033183121672,0.9959033183121672,0.9959033183121672,0.9959033183121672,0.9981025895340562,1.0,1.0,1.0,1.0,1.0,1.0,1.0,1.0,1.0,0.9983613273248668,0.9975419909873003,0.9967226546497338,0.9959033183121672,0.9959033183121672,0.9959033183121672,0.9959033183121672,0.9959033183121672,0.9959033183121672,0.9959033183121672,0.9981025895340562,0.9959977118994444,0.9959977118994444,0.9959977118994444,0.9959977118994444,0.9959977118994444,0.9959977118994444,0.9959977118994444,0.9959977118994444,0.9959977118994444,0.9943664864498715,0.9935614038575272,0.9927633644363818,0.9919723855698279,0.9919723855698279,0.9919723855698279,0.9919723855698279,0.9919723855698279,0.9919723855698279,0.9919723855698279,0.9941303874119777,0.9959977118994444,0.9959977118994444,0.9959977118994444,0.9959977118994444,0.9959977118994444,0.9959977118994444,0.9959977118994444,0.9959977118994444,0.9959977118994444,0.9943664864498715,0.9935614038575272,0.9927633644363818,0.9919723855698279,0.9919723855698279,0.9919723855698279,0.9919723855698279,0.9919723855698279,0.9919723855698279,0.9919723855698279,0.9941303874119777,0.9981021810398526,0.9981021810398526,0.9981021810398526,0.9981021810398526,0.9981021810398526,0.9981021810398526,0.9981021810398526,0.9981021810398526,0.9981021810398526,0.9989355452366591,0.9993235023024674,0.9996732054923473,1.0,1.0,1.0,1.0,1.0,1.0,1.0,0.9989922043363236,0.9969820682900657,0.9969820682900657,0.9969820682900657,0.9969820682900657,0.9969820682900657,0.9969820682900657,0.9969820682900657,0.9969820682900657,0.9969820682900657,0.9945467656723082,0.9933514325497914,0.9921707231425093,0.9910044502735261,0.9910044502735261,0.9910044502735261,0.9910044502735261,0.9910044502735261,0.9910044502735261,0.9910044502735261,0.9942072993626253,2441.0,2441.0,2441.0,2441.0,2441.0,2441.0,2441.0,2441.0,2441.0,2437.0,2435.0,2433.0,2431.0,2431.0,2431.0,2431.0,2431.0,2431.0,2431.0,2436.3684210526317,0.0,0.0,0.0,0.0,0.0,0.0,0.0,0.0,0.0,4.0,6.0,8.0,10.0,10.0,10.0,10.0,10.0,10.0,10.0,4.631578947368421,0.0,0.0,0.0,0.0,0.0,0.0,0.0,0.0,0.0,4.0,6.0,8.0,10.0,10.0,10.0,10.0,10.0,10.0,10.0,4.631578947368421,0.9979516591560835,0.9973838160503244,1.0,1.0,1.0,1.0,0.0,0.0,0.995335475206408,1.0,0.0,0.9997136542382893,2434.613894978842,2441,0,0,5,12,0,0,1.0,226,0.9963129864809505,0.9963129864809505,0.9963129864809505,2432,9,9,11.933560684794632,0.9944633903995527,226.0,1.0,12,12,226,2441,2441,12,12
v_9MHDmAMxO5I_c004,0.9577004103559775,0.9954453676713348,0.9533384371057944,0.9577004103559775,0.9577004103559775,0.9577004103559775,0.9577004103559775,0.9577004103559775,0.9563101843868547,0.9563101843868547,0.9557202149046152,0.9557202149046152,0.9557202149046152,0.9557202149046152,0.9551327455721327,0.9551327455721327,0.9551327455721327,0.954333100565297,0.9535369923636607,0.9491095514264629,0.9434281164805584,0.914823104202897,0.9528753885224911,1.0,1.0,1.0,1.0,1.0,0.9984335226160173,0.9984335226160173,0.997651203758074,0.997651203758074,0.997651203758074,0.997651203758074,0.9968694971629818,0.9968694971629818,0.9968694971629818,0.9960884021122629,0.9953079178885631,0.9906377998829725,0.9844448765312075,0.9495702005730658,0.9944278709863866,0.9171900759960077,0.9171900759960077,0.9171900759960077,0.9171900759960077,0.9171900759960077,0.915964005661431,0.915964005661431,0.9155515732719145,0.9155515732719145,0.9155515732719145,0.9155515732719145,0.9151434207390626,0.9151434207390626,0.9151434207390626,0.9143281508983258,0.913519102444974,0.9093221969879984,0.9041203140822467,0.8813474890833289,0.9130606421107693,1.0,1.0,1.0,1.0,1.0,0.9992161473642955,0.9992161473642955,0.9988242210464433,0.9988242210464433,0.9988242210464433,0.9988242210464433,0.9984322947285911,0.9984322947285911,0.9984322947285911,0.9980403684107387,0.9976484420928865,0.9952968841857731,0.9921614736429551,0.974132863021752,0.997174004971276,1.0,1.0,1.0,1.0,1.0,0.9992161473642955,0.9992161473642955,0.9988242210464433,0.9988242210464433,0.9988242210464433,0.9988242210464433,0.9984322947285911,0.9984322947285911,0.9984322947285911,0.9980403684107387,0.9976484420928865,0.9952968841857731,0.9921614736429551,0.974132863021752,0.997174004971276,0.9379455571413559,0.9379455571413559,0.9379455571413559,0.9379455571413559,0.9379455571413559,0.9372402882632906,0.9372402882632906,0.9369511747301145,0.9369511747301145,0.9369511747301145,0.9369511747301145,0.936663637052513,0.936663637052513,0.936663637052513,0.9362469323359414,0.9358316270281155,0.9336170542515684,0.9307687043738466,0.916591653109496,0.9355294707058065,0.9493899807710402,0.9493899807710402,0.9493899807710402,0.9493899807710402,0.9493899807710402,0.9486906867876966,0.9486906867876966,0.9484030704064154,0.9484030704064154,0.9484030704064154,0.9484030704064154,0.9481170392783735,0.9481170392783735,0.9481170392783735,0.9477048322654051,0.9472940281950295,0.9448953114334895,0.941806198841555,0.9263826192627201,0.9468619824678723,0.9954453676713348,0.9954453676713348,0.9954453676713348,0.9954453676713348,0.9954453676713348,0.9960108006289718,0.9960108006289718,0.9962592167834464,0.9962592167834464,0.9962592167834464,0.9962592167834464,0.996415411719118,0.996415411719118,0.996415411719118,0.9965266196685465,0.9966102416574384,0.996989745287144,0.9973682767796925,0.99853224959509,0.9962925618365089,0.9577004103559775,0.9577004103559775,0.9577004103559775,0.9577004103559775,0.9577004103559775,0.9566849140973128,0.9566849140973128,0.9562819077035629,0.9562819077035629,0.9562819077035629,0.9562819077035629,0.95588113569328,0.95588113569328,0.95588113569328,0.9552677135603792,0.9546574827530135,0.951338819445058,0.9471184419967618,0.9265794908467246,0.954189729814239,5103.0,5103.0,5103.0,5103.0,5103.0,5099.0,5099.0,5097.0,5097.0,5097.0,5097.0,5095.0,5095.0,5095.0,5093.0,5091.0,5079.0,5063.0,4971.0,5088.578947368421,0.0,0.0,0.0,0.0,0.0,4.0,4.0,6.0,6.0,6.0,6.0,8.0,8.0,8.0,10.0,12.0,24.0,40.0,132.0,14.421052631578947,0.0,0.0,0.0,0.0,0.0,4.0,4.0,6.0,6.0,6.0,6.0,8.0,8.0,8.0,10.0,12.0,24.0,40.0,132.0,14.421052631578947,0.9972565157750343,0.995870627489628,1.0,1.0,1.0,1.0,0.0,0.0,0.9931271432646622,1.0,0.0,0.9997754011295947,5081.927812079572,5103,0,0,14,12,0,0,5.0,455,0.9641387419165197,0.9641387419165197,0.9641387419165197,4920,183,183,11.543752545997041,0.9235002036797633,455.0,1.0,13,12,455,5103,5103,13,12
v_9MHDmAMxO5I_c006,0.9037648502727408,0.9984628777154939,0.9023756531814332,0.9037648502727408,0.9037648502727408,0.9037648502727408,0.9037648502727408,0.9037648502727408,0.9037648502727408,0.9015840113500098,0.9015840113500098,0.9015840113500098,0.9015840113500098,0.9015840113500098,0.9015840113500098,0.9015840113500098,0.9015840113500098,0.9015840113500098,0.9015840113500098,0.9015840113500098,0.9015840113500098,0.9015840113500098,0.9022726973256091,0.9996155324875048,0.9996155324875048,0.9996155324875048,0.9996155324875048,0.9996155324875048,0.9996155324875048,0.9950134253931723,0.9950134253931723,0.9950134253931723,0.9950134253931723,0.9950134253931723,0.9950134253931723,0.9950134253931723,0.9950134253931723,0.9950134253931723,0.9950134253931723,0.9950134253931723,0.9950134253931723,0.9950134253931723,0.9964667223703298,0.8171050549364283,0.8171050549364283,0.8171050549364283,0.8171050549364283,0.8171050549364283,0.8171050549364283,0.8169273989451763,0.8169273989451763,0.8169273989451763,0.8169273989451763,0.8169273989451763,0.8169273989451763,0.8169273989451763,0.8169273989451763,0.8169273989451763,0.8169273989451763,0.8169273989451763,0.8169273989451763,0.8169273989451763,0.8169835008371508,0.9996155324875048,0.9996155324875048,0.9996155324875048,0.9996155324875048,0.9996155324875048,0.9996155324875048,0.9973087274125336,0.9973087274125336,0.9973087274125336,0.9973087274125336,0.9973087274125336,0.9973087274125336,0.9973087274125336,0.9973087274125336,0.9973087274125336,0.9973087274125336,0.9973087274125336,0.9973087274125336,0.9973087274125336,0.9980371921730509,1.0,1.0,1.0,1.0,1.0,1.0,0.9976923076923077,0.9976923076923077,0.9976923076923077,0.9976923076923077,0.9976923076923077,0.9976923076923077,0.9976923076923077,0.9976923076923077,0.9976923076923077,0.9976923076923077,0.9976923076923077,0.9976923076923077,0.9976923076923077,0.9984210526315789,0.8656237235954121,0.8656237235954121,0.8656237235954121,0.8656237235954121,0.8656237235954121,0.8656237235954121,0.8654634102386174,0.8654634102386174,0.8654634102386174,0.8654634102386174,0.8654634102386174,0.8654634102386174,0.8654634102386174,0.8654634102386174,0.8654634102386174,0.8654634102386174,0.8654634102386174,0.8654634102386174,0.8654634102386174,0.8655140355091843,0.8784804271223728,0.8784804271223728,0.8784804271223728,0.8784804271223728,0.8784804271223728,0.8784804271223728,0.8781633716302132,0.8781633716302132,0.8781633716302132,0.8781633716302132,0.8781633716302132,0.8781633716302132,0.8781633716302132,0.8781633716302132,0.8781633716302132,0.8781633716302132,0.8781633716302132,0.8781633716302132,0.8781633716302132,0.8782634944172109,0.9984628777154939,0.9984628777154939,0.9984628777154939,0.9984628777154939,0.9984628777154939,0.9984628777154939,1.0,1.0,1.0,1.0,1.0,1.0,1.0,1.0,1.0,1.0,1.0,1.0,1.0,0.9995145929627877,0.9037648502727408,0.9037648502727408,0.9037648502727408,0.9037648502727408,0.9037648502727408,0.9037648502727408,0.9026233016216926,0.9026233016216926,0.9026233016216926,0.9026233016216926,0.9026233016216926,0.9026233016216926,0.9026233016216926,0.9026233016216926,0.9026233016216926,0.9026233016216926,0.9026233016216926,0.9026233016216926,0.9026233016216926,0.902983790669392,2600.0,2600.0,2600.0,2600.0,2600.0,2600.0,2594.0,2594.0,2594.0,2594.0,2594.0,2594.0,2594.0,2594.0,2594.0,2594.0,2594.0,2594.0,2594.0,2595.8947368421054,1.0,1.0,1.0,1.0,1.0,1.0,7.0,7.0,7.0,7.0,7.0,7.0,7.0,7.0,7.0,7.0,7.0,7.0,7.0,5.105263157894737,0.0,0.0,0.0,0.0,0.0,0.0,6.0,6.0,6.0,6.0,6.0,6.0,6.0,6.0,6.0,6.0,6.0,6.0,6.0,4.105263157894737,0.9923106497500961,1.0,0.9996155324875048,0.9996155324875048,1.0,1.0,0.0,0.0,0.9923106497500961,0.9998077292828302,0.0,0.9991238932714522,2600.0,2600,1,0,19,12,0,0,8.0,269,0.9117477408190733,0.9115724721261054,0.911923076923077,2371,230,229,10.542310507108752,0.8433848405687001,268.9473684210526,0.9998043435726862,13,12,269,2600,2601,13,12
v_9MHDmAMxO5I_c009,0.7754924092570372,0.9894899952010086,0.7673419803141643,0.7754924092570372,0.7754924092570372,0.7754924092570372,0.7754924092570372,0.7754924092570372,0.7742071935287171,0.7704112742243048,0.7667032028358712,0.7667032028358712,0.7609809173756761,0.7566146804055482,0.7503396286300338,0.7462072605154304,0.743634348137585,0.7420325692099152,0.7409750095961724,0.7409750095961724,0.7409750095961724,0.7409750095961724,0.7589050717036224,1.0,1.0,1.0,1.0,1.0,0.9985714285714286,0.9942979330007128,0.9900426742532006,0.9900426742532006,0.9822883457314914,0.9766866831508301,0.9690358902181563,0.9635087719298245,0.9600700525394046,0.9580125962211337,0.9566433566433566,0.9566433566433566,0.9566433566433566,0.9566433566433566,0.9794279198127797,0.6013884768152841,0.6013884768152841,0.6013884768152841,0.6013884768152841,0.6013884768152841,0.6002542846325162,0.5969373079763723,0.5937459228029663,0.5937459228029663,0.5895335714063541,0.586130418772981,0.5809996966839983,0.5779140697709173,0.5759913479931343,0.5747443571620557,0.5739275363522282,0.5739275363522282,0.5739275363522282,0.5739275363522282,0.5880341804994523,1.0,1.0,1.0,1.0,1.0,0.9992852037169406,0.9971408148677627,0.9949964260185847,0.9949964260185847,0.9910650464617584,0.988205861329521,0.9842744817726948,0.9814152966404575,0.9796283059328091,0.9785561115082202,0.9778413152251608,0.9778413152251608,0.9778413152251608,0.9778413152251608,0.9895225913246302,1.0,1.0,1.0,1.0,1.0,0.9992852037169406,0.9971408148677627,0.9949964260185847,0.9949964260185847,0.9910650464617584,0.988205861329521,0.9842744817726948,0.9814152966404575,0.9796283059328091,0.9785561115082202,0.9778413152251608,0.9778413152251608,0.9778413152251608,0.9778413152251608,0.9895225913246302,0.6967002866644102,0.6967002866644102,0.6967002866644102,0.6967002866644102,0.6967002866644102,0.695940151793432,0.6936871419186013,0.6914754307922696,0.6914754307922696,0.6881905909832952,0.6856165476693162,0.6818083400533199,0.6793502019147916,0.6778083629356174,0.6768286144905649,0.6761814642251963,0.6761814642251963,0.6761814642251963,0.6761814642251963,0.6868635843982271,0.7259498306919121,0.7259498306919121,0.7259498306919121,0.7259498306919121,0.7259498306919121,0.7252106182415546,0.7230205556063972,0.7208720630440477,0.7208720630440477,0.7176653006278234,0.7151612413472322,0.7114710408592159,0.7090840122890663,0.7075887796929521,0.7066416613612202,0.7060163042587687,0.7060163042587687,0.7060163042587687,0.7060163042587687,0.7163895635056945,0.9894899952010086,0.9894899952010086,0.9894899952010086,0.9894899952010086,0.9894899952010086,0.9900017404187603,0.99143676607633,0.992768848494836,0.992768848494836,0.9948305088598678,0.9962119201209634,0.9978479905350768,0.9989179653320679,0.9995086455794432,0.9998229750514912,1.0,1.0,1.0,1.0,0.9948192728930902,0.7754924092570372,0.7754924092570372,0.7754924092570372,0.7754924092570372,0.7754924092570372,0.7744838443124364,0.771511862320035,0.7686189375445144,0.7686189375445144,0.7643730217221202,0.7610634108502303,0.7562163548639604,0.7531093600646049,0.7511707052770823,0.7499464002552403,0.7491395444045116,0.7491395444045116,0.7491395444045116,0.7491395444045116,0.7627964767714722,5596.0,5596.0,5596.0,5596.0,5596.0,5592.0,5580.0,5568.0,5568.0,5546.0,5530.0,5508.0,5492.0,5482.0,5476.0,5472.0,5472.0,5472.0,5472.0,5537.368421052632,0.0,0.0,0.0,0.0,0.0,4.0,16.0,28.0,28.0,50.0,66.0,88.0,104.0,114.0,120.0,124.0,124.0,124.0,124.0,58.63157894736842,0.0,0.0,0.0,0.0,0.0,4.0,16.0,28.0,28.0,50.0,66.0,88.0,104.0,114.0,120.0,124.0,124.0,124.0,124.0,58.63157894736842,0.9973195139385275,0.9983898413198583,1.0,1.0,1.0,1.0,0.0,0.0,0.9957093552583858,1.0,0.0,0.9997898335848722,5586.989552025927,5596,0,0,15,12,0,0,11.0,507,0.7759113652609007,0.7759113652609007,0.7759113652609007,4342,1254,1254,9.243129692716312,0.7110099763627933,507.0,1.0,14,12,507,5596,5596,14,12
v_BgwzTUxJaeU_c008,0.9456018759597927,0.9967861317682357,0.9425628361307489,0.9456018759597927,0.9456018759597927,0.9439801058336821,0.943443951415223,0.943443951415223,0.9429099967386169,0.9423782310661002,0.9418486437285662,0.9418486437285662,0.9413212241249971,0.9413212241249971,0.940272846052751,0.940272846052751,0.9397518667174426,0.9397518667174426,0.9397518667174426,0.9397518667174426,0.9397518667174426,0.9397518667174426,0.9417240324476693,1.0,1.0,0.9973220263334077,0.9964309614097703,0.9964309614097703,0.9955406911928651,0.9946512146200134,0.99376253063043,0.99376253063043,0.9928746381652194,0.9928746381652194,0.9911012235817576,0.9911012235817576,0.9902156993551257,0.9902156993551257,0.9902156993551257,0.9902156993551257,0.9902156993551257,0.9902156993551257,0.9935340439921787,0.8941629078186792,0.8941629078186792,0.8934911860774173,0.8932746210561919,0.8932746210561919,0.8930616998530883,0.8928524062844925,0.8926467242939704,0.8926467242939704,0.8924446379510943,0.8924446379510943,0.8920511891096544,0.8920511891096544,0.8918597953698931,0.8918597953698931,0.8918597953698931,0.8918597953698931,0.8918597953698931,0.8918597953698931,0.8926170644680808,1.0,1.0,0.998659217877095,0.9982122905027933,0.9982122905027933,0.9977653631284916,0.99731843575419,0.9968715083798882,0.9968715083798882,0.9964245810055866,0.9964245810055866,0.9955307262569832,0.9955307262569832,0.9950837988826816,0.9950837988826816,0.9950837988826816,0.9950837988826816,0.9950837988826816,0.9950837988826816,0.9967538959129669,1.0,1.0,0.998659217877095,0.9982122905027933,0.9982122905027933,0.9977653631284916,0.99731843575419,0.9968715083798882,0.9968715083798882,0.9964245810055866,0.9964245810055866,0.9955307262569832,0.9955307262569832,0.9950837988826816,0.9950837988826816,0.9950837988826816,0.9950837988826816,0.9950837988826816,0.9950837988826816,0.9967538959129669,0.9011817564019025,0.9011817564019025,0.9010597472329269,0.9010229690210343,0.9010229690210343,0.9009881409224865,0.9009552655589909,0.9009243455569562,0.9009243455569562,0.9008953835475038,0.9008953835475038,0.9008433440544538,0.9008433440544538,0.900820271856754,0.900820271856754,0.900820271856754,0.900820271856754,0.900820271856754,0.900820271856754,0.9009294937904543,0.9816414398156751,0.9816414398156751,0.9816205647145382,0.9816180419349708,0.9816180419349708,0.9816177419162057,0.9816196676464942,0.9816238221194463,0.9816238221194463,0.9816302083340427,0.9816302083340427,0.9816496880110197,0.9816496880110197,0.9816627874983253,0.9816627874983253,0.9816627874983253,0.9816627874983253,0.9816627874983253,0.9816627874983253,0.9816400578788158,0.9967861317682357,0.9967861317682357,0.997946585867361,0.9983101284198724,0.9983101284198724,0.9986413283404798,0.9989542017595834,0.9992410135384819,0.9992410135384819,0.9994752572421715,0.9994752572421715,0.999862728045347,0.999862728045347,1.0,1.0,1.0,1.0,1.0,1.0,0.99909961231556,0.9456018759597927,0.9456018759597927,0.9446127296771685,0.9442868767130654,0.9442868767130654,0.9439629395532775,0.9436409090300264,0.9433207760339515,0.9433207760339515,0.943002531513623,0.943002531513623,0.9423716719812517,0.9423716719812517,0.9420590391516894,0.9420590391516894,0.9420590391516894,0.9420590391516894,0.9420590391516894,0.9420590391516894,0.9432493830302094,4475.0,4475.0,4469.0,4467.0,4467.0,4465.0,4463.0,4461.0,4461.0,4459.0,4459.0,4455.0,4455.0,4453.0,4453.0,4453.0,4453.0,4453.0,4453.0,4460.473684210527,0.0,0.0,6.0,8.0,8.0,10.0,12.0,14.0,14.0,16.0,16.0,20.0,20.0,22.0,22.0,22.0,22.0,22.0,22.0,14.526315789473685,0.0,0.0,6.0,8.0,8.0,10.0,12.0,14.0,14.0,16.0,16.0,20.0,20.0,22.0,22.0,22.0,22.0,22.0,22.0,14.526315789473685,0.9977653631284916,1.0,1.0,1.0,1.0,1.0,0.0,0.0,0.9977653631284916,1.0,0.0,0.9997765363128491,4475.0,4475,0,0,10,10,0,0,6.0,500,0.9374301675977653,0.9374301675977653,0.9374301675977653,4195,280,280,9.251938544385885,0.80451639516399,500.0,1.0,13,10,500,4475,4475,13,10
v_BgwzTUxJaeU_c012,0.9556805265433467,0.9827903242072629,0.9392335745201034,0.9556805265433467,0.9481205107240351,0.9434824617701327,0.9409613170584139,0.9342368379170419,0.9291505187147371,0.9251669304140562,0.9234589046275529,0.9230800662677636,0.9215026218957416,0.9203894688742948,0.9194241442735497,0.918341581744605,0.9180490958305856,0.9174195125974836,0.9173421327901471,0.9173421327901471,0.9173421327901471,0.9173421327901471,0.9267280542323121,1.0,0.9917596566523605,0.9866438356164383,0.983586937938109,0.9758174386920981,0.9697792869269949,0.9647756138865369,0.9627812552867535,0.9621173685100626,0.9597972972972973,0.9584740040513167,0.9571524966261808,0.9551735760026964,0.9548441449031171,0.9538565173459077,0.9535275298871864,0.9535275298871864,0.9535275298871864,0.9535275298871864,0.9658247131202429,0.9133252688141683,0.9064015629451101,0.902209210187457,0.9001829589729852,0.8944280299920211,0.8902238870903579,0.8871843740781261,0.8857425753287334,0.8856266778141915,0.8847358546975536,0.8838182056415501,0.8831829411225992,0.8829298485103846,0.8826719489816545,0.8823743894275706,0.8825299346014029,0.8825299346014029,0.8825299346014029,0.8825299346014029,0.8892188143163198,1.0,0.9958627822789174,0.9932770212032408,0.9917255645578349,0.9877607309084641,0.9846578176176521,0.9820720565419755,0.9810377521117049,0.9806929839682813,0.979486295466299,0.9787967591794519,0.9781072228926048,0.9770729184623341,0.9769005343906223,0.976383382175487,0.9762109981037752,0.9762109981037752,0.9762109981037752,0.9762109981037752,0.982561990219472,1.0,0.9958627822789174,0.9932770212032408,0.9917255645578349,0.9877607309084641,0.9846578176176521,0.9820720565419755,0.9810377521117049,0.9806929839682813,0.979486295466299,0.9787967591794519,0.9781072228926048,0.9770729184623341,0.9769005343906223,0.976383382175487,0.9762109981037752,0.9762109981037752,0.9762109981037752,0.9762109981037752,0.982561990219472,0.9298320269500268,0.9258953650373853,0.9234647744350108,0.9223371533456906,0.9189798011709037,0.9164824595756961,0.9147553305759208,0.9138463939498226,0.9138410552737409,0.9133996699652648,0.9128091710337672,0.9124867514924994,0.9125102139175317,0.9123516149924102,0.912218338043453,0.912379137166677,0.912379137166677,0.912379137166677,0.912379137166677,0.9160382457066228,0.9612932354083268,0.95741756290323,0.9550335202683239,0.9538383764906914,0.9504796668051155,0.9480507850740756,0.94631047467268,0.9454230853048406,0.9453545100130044,0.9448185191846822,0.9442390098164596,0.9438893012793692,0.9438483975066215,0.9436948121738734,0.943559492193312,0.9437214635340713,0.9437214635340713,0.9437214635340713,0.9437214635340713,0.9474808738542574,0.9827903242072629,0.9865593395276141,0.9888296354443016,0.9900830623412138,0.9931600489951856,0.9954211203937734,0.9972075262935938,0.9978746117535351,0.9980807035622633,0.9987270927991081,0.9990583384324311,0.9993559313642427,0.9997563634875645,0.9998166609543386,0.9999566716797426,1.0,1.0,1.0,1.0,0.9961409174334828,0.9556805265433467,0.9500797768274392,0.9466486554139957,0.9448462590246236,0.939936638635784,0.9362509865701051,0.9334232602537879,0.9321732162265407,0.9319484263345881,0.9309063566137662,0.9300959065525165,0.9294340287764099,0.9288093689673613,0.9285917825674478,0.9281894691787457,0.9281893278387201,0.9281893278387201,0.9281893278387201,0.9281893278387201,0.9347248405179652,5801.0,5777.0,5762.0,5753.0,5730.0,5712.0,5697.0,5691.0,5689.0,5682.0,5678.0,5674.0,5668.0,5667.0,5664.0,5663.0,5663.0,5663.0,5663.0,5699.8421052631575,0.0,24.0,39.0,48.0,71.0,89.0,104.0,110.0,112.0,119.0,123.0,127.0,133.0,134.0,137.0,138.0,138.0,138.0,138.0,101.15789473684211,0.0,24.0,39.0,48.0,71.0,89.0,104.0,110.0,112.0,119.0,123.0,127.0,133.0,134.0,137.0,138.0,138.0,138.0,138.0,101.15789473684211,0.9974142389243233,0.9988261412430693,1.0,1.0,1.0,1.0,0.0,0.0,0.9962403801673927,1.0,0.0,0.9997972606000595,5794.190445351045,5801,0,0,15,10,0,0,4.0,620,0.9438027926219618,0.9438027926219618,0.9438027926219618,5475,326,326,9.416578881269889,0.8188329461973816,620.0,1.0,13,10,620,5801,5801,13,10
v_BgwzTUxJaeU_c014,0.8344607567412408,0.9988998252777169,0.8335427041099368,0.8344607567412408,0.8344607567412408,0.8344607567412408,0.8338203828715061,0.8335011489021037,0.8331825484006921,0.8331825484006921,0.8329840318508398,0.8326660940422587,0.8323487869269435,0.8320321091359937,0.8320321091359937,0.8320321091359937,0.8320321091359937,0.8320321091359937,0.8320321091359937,0.8320321091359937,0.8320321091359937,0.8320321091359937,0.8328082523075107,1.0,1.0,1.0,0.9991755976916735,0.9987636513496806,0.9983518747424804,0.9983518747424804,0.9979402677651905,0.9975288303130149,0.9971175622812436,0.9967064635652532,0.9967064635652532,0.9967064635652532,0.9967064635652532,0.9967064635652532,0.9967064635652532,0.9967064635652532,0.9967064635652532,0.9967064635652532,0.9977677805775286,0.6963247545411642,0.6963247545411642,0.6963247545411642,0.6958300748118629,0.6955841497458486,0.6953391649998504,0.6953391649998504,0.6952945178495821,0.6950504116758515,0.6948072416994941,0.6945650057861469,0.6945650057861469,0.6945650057861469,0.6945650057861469,0.6945650057861469,0.6945650057861469,0.6945650057861469,0.6945650057861469,0.6945650057861469,0.6951212653411135,1.0,1.0,1.0,0.9995876288659794,0.999381443298969,0.9991752577319588,0.9991752577319588,0.9989690721649485,0.9987628865979381,0.9985567010309279,0.9983505154639175,0.9983505154639175,0.9983505154639175,0.9983505154639175,0.9983505154639175,0.9983505154639175,0.9983505154639175,0.9983505154639175,0.9983505154639175,0.9988822571893653,1.0,1.0,1.0,0.9995876288659794,0.999381443298969,0.9991752577319588,0.9991752577319588,0.9989690721649485,0.9987628865979381,0.9985567010309279,0.9983505154639175,0.9983505154639175,0.9983505154639175,0.9983505154639175,0.9983505154639175,0.9983505154639175,0.9983505154639175,0.9983505154639175,0.9983505154639175,0.9988822571893653,0.7686764005663698,0.7686764005663698,0.7686764005663698,0.7683139881816348,0.7681333067846067,0.7679529755399237,0.7679529755399237,0.7679082394506425,0.7677282121843316,0.7675485355574025,0.7673692097871038,0.7673692097871038,0.7673692097871038,0.7673692097871038,0.7673692097871038,0.7673692097871038,0.7673692097871038,0.7673692097871038,0.7673692097871038,0.7677837012116584,0.7980405666675562,0.7980405666675562,0.7980405666675562,0.7976885558555655,0.7975130800190066,0.797337957520151,0.797337957520151,0.7972577956492115,0.7970829740786829,0.7969085063349234,0.7967343926371567,0.7967343926371567,0.7967343926371567,0.7967343926371567,0.7967343926371567,0.7967343926371567,0.7967343926371567,0.7967343926371567,0.7967343926371567,0.7971504242481459,0.9988998252777169,0.9988998252777169,0.9988998252777169,0.999238567146762,0.9993990097985959,0.9995461342862711,0.9995461342862711,0.9996726275323727,0.9997964245240186,0.9999017794574062,1.0,1.0,1.0,1.0,1.0,1.0,1.0,1.0,1.0,0.9996736922560447,0.8344607567412408,0.8344607567412408,0.8344607567412408,0.8339922868796972,0.8337588929114294,0.8335260580208939,0.8335260580208939,0.8334132944569412,0.8331809860387229,0.8329492344217896,0.8327180384438653,0.8327180384438653,0.8327180384438653,0.8327180384438653,0.8327180384438653,0.8327180384438653,0.8327180384438653,0.8327180384438653,0.8327180384438653,0.8332732329983619,9700.0,9700.0,9700.0,9696.0,9694.0,9692.0,9692.0,9690.0,9688.0,9686.0,9684.0,9684.0,9684.0,9684.0,9684.0,9684.0,9684.0,9684.0,9684.0,9689.157894736842,0.0,0.0,0.0,4.0,6.0,8.0,8.0,10.0,12.0,14.0,16.0,16.0,16.0,16.0,16.0,16.0,16.0,16.0,16.0,10.842105263157896,0.0,0.0,0.0,4.0,6.0,8.0,8.0,10.0,12.0,14.0,16.0,16.0,16.0,16.0,16.0,16.0,16.0,16.0,16.0,10.842105263157896,0.998659793814433,1.0,1.0,1.0,1.0,1.0,0.0,0.0,0.998659793814433,1.0,0.0,0.9998851604791436,9700.0,9700,0,0,13,10,0,0,3.0,1000,0.8345360824742268,0.8345360824742268,0.8345360824742268,8095,1605,1605,8.24412324688981,0.7851545949418867,1000.0,1.0,11,10,1000,9700,9700,11,10
v_G-vNjfx1GGc_c004,0.7720983737030174,0.9987895574312832,0.7711637929642502,0.7720983737030174,0.7720983737030174,0.7712887960333776,0.7710207560517683,0.7707536203400233,0.7707536203400233,0.7707536203400233,0.7707536203400233,0.7707536203400233,0.7707536203400233,0.7704873857091942,0.7704873857091942,0.7704873857091942,0.7704873857091942,0.7704873857091942,0.7702933881895686,0.7702933881895686,0.7702933881895686,0.7702933881895686,0.7707704475176612,1.0,1.0,0.998526341643129,0.998035604665439,0.9975451086289432,0.9975451086289432,0.9975451086289432,0.9975451086289432,0.9975451086289432,0.9975451086289432,0.99705485335624,0.99705485335624,0.99705485335624,0.99705485335624,0.99705485335624,0.9965648386701018,0.9965648386701018,0.9965648386701018,0.9965648386701018,0.9975455905023073,0.5961358986748443,0.5961358986748443,0.5957643600144784,0.5956430847594054,0.5955230877566516,0.5955230877566516,0.5955230877566516,0.5955230877566516,0.5955230877566516,0.5955230877566516,0.5954043647033748,0.5954043647033748,0.5954043647033748,0.5954043647033748,0.5954043647033748,0.5953971892891415,0.5953971892891415,0.5953971892891415,0.5953971892891415,0.5955488604914168,1.0,1.0,0.9992626275039941,0.9990168366719921,0.9987710458399902,0.9987710458399902,0.9987710458399902,0.9987710458399902,0.9987710458399902,0.9987710458399902,0.9985252550079882,0.9985252550079882,0.9985252550079882,0.9985252550079882,0.9985252550079882,0.9982794641759862,0.9982794641759862,0.9982794641759862,0.9982794641759862,0.9987710458399902,1.0,1.0,0.9992626275039941,0.9990168366719921,0.9987710458399902,0.9987710458399902,0.9987710458399902,0.9987710458399902,0.9987710458399902,0.9987710458399902,0.9985252550079882,0.9985252550079882,0.9985252550079882,0.9985252550079882,0.9985252550079882,0.9982794641759862,0.9982794641759862,0.9982794641759862,0.9982794641759862,0.9987710458399902,0.7280920059392159,0.7280920059392159,0.7275037455895393,0.727309647245628,0.7271165443447276,0.7271165443447276,0.7271165443447276,0.7271165443447276,0.7271165443447276,0.7271165443447276,0.7269244376219345,0.7269244376219345,0.7269244376219345,0.7269244376219345,0.7269244376219345,0.7268944092653409,0.7268944092653409,0.7268944092653409,0.7268944092653409,0.7271524471554212,0.6822998816440926,0.6822998816440926,0.6820461161949328,0.6819629258452308,0.6818804354223826,0.6818804354223826,0.6818804354223826,0.6818804354223826,0.6818804354223826,0.6818804354223826,0.681798645443257,0.681798645443257,0.681798645443257,0.681798645443257,0.681798645443257,0.6817496175476853,0.6817496175476853,0.6817496175476853,0.6817496175476853,0.6818885850141934,0.9987895574312832,0.9987895574312832,0.9994287738335382,0.999634115222246,0.9998257546506678,0.9998257546506678,0.9998257546506678,0.9998257546506678,0.9998257546506678,0.9998257546506678,0.9999405835543766,0.9999405835543766,0.9999405835543766,0.9999405835543766,0.9999405835543766,1.0,1.0,1.0,1.0,0.9997526026102233,0.7720983737030174,0.7720983737030174,0.7715731072045624,0.7713996826042181,0.7712270853520196,0.7712270853520196,0.7712270853520196,0.7712270853520196,0.7712270853520196,0.7712270853520196,0.7710553126062399,0.7710553126062399,0.7710553126062399,0.7710553126062399,0.7710553126062399,0.7709557620871982,0.7709557620871982,0.7709557620871982,0.7709557620871982,0.7712437716161539,8137.0,8137.0,8131.0,8129.0,8127.0,8127.0,8127.0,8127.0,8127.0,8127.0,8125.0,8125.0,8125.0,8125.0,8125.0,8123.0,8123.0,8123.0,8123.0,8127.0,0.0,0.0,6.0,8.0,10.0,10.0,10.0,10.0,10.0,10.0,12.0,12.0,12.0,12.0,12.0,14.0,14.0,14.0,14.0,10.0,0.0,0.0,6.0,8.0,10.0,10.0,10.0,10.0,10.0,10.0,12.0,12.0,12.0,12.0,12.0,14.0,14.0,14.0,14.0,10.0,0.9964360329359715,0.9998852976117324,1.0,1.0,1.0,1.0,0.0,0.0,0.9963213305477039,1.0,0.0,0.9998202779896892,8136.066666666667,8137,0,0,29,20,0,0,19.0,675,0.7325795747818606,0.7325795747818606,0.7325795747818606,5961,2176,2176,11.819689252403887,0.6061379103796865,675.0,1.0,19,20,675,8137,8137,19,20
v_G-vNjfx1GGc_c008,0.7141285214467303,0.9992245568502821,0.7135747553767563,0.7141285214467303,0.7135186773667415,0.7129136269434256,0.7129136269434256,0.7129136269434256,0.7129136269434256,0.7129136269434256,0.7129136269434256,0.7129136269434256,0.7129136269434256,0.7129136269434256,0.7129136269434256,0.7129136269434256,0.7129136269434256,0.7129136269434256,0.7129136269434256,0.7129136269434256,0.7129136269434256,0.7129136269434256,0.713009413518511,1.0,0.9991256830601093,0.9982521302162989,0.9982521302162989,0.9982521302162989,0.9982521302162989,0.9982521302162989,0.9982521302162989,0.9982521302162989,0.9982521302162989,0.9982521302162989,0.9982521302162989,0.9982521302162989,0.9982521302162989,0.9982521302162989,0.9982521302162989,0.9982521302162989,0.9982521302162989,0.9982521302162989,0.9983900998282729,0.5099795451436933,0.5095544150080218,0.5091357424616809,0.5091357424616809,0.5091357424616809,0.5091357424616809,0.5091357424616809,0.5091357424616809,0.5091357424616809,0.5091357424616809,0.5091357424616809,0.5091357424616809,0.5091357424616809,0.5091357424616809,0.5091357424616809,0.5091357424616809,0.5091357424616809,0.5091357424616809,0.5091357424616809,0.509202188526331,1.0,0.999562650338946,0.999125300677892,0.999125300677892,0.999125300677892,0.999125300677892,0.999125300677892,0.999125300677892,0.999125300677892,0.999125300677892,0.999125300677892,0.999125300677892,0.999125300677892,0.999125300677892,0.999125300677892,0.999125300677892,0.999125300677892,0.999125300677892,0.999125300677892,0.9991943558875322,1.0,0.999562650338946,0.999125300677892,0.999125300677892,0.999125300677892,0.999125300677892,0.999125300677892,0.999125300677892,0.999125300677892,0.999125300677892,0.999125300677892,0.999125300677892,0.999125300677892,0.999125300677892,0.999125300677892,0.999125300677892,0.999125300677892,0.999125300677892,0.999125300677892,0.9991943558875322,0.7251287519623317,0.7250069493421029,0.7248881336427804,0.7248881336427804,0.7248881336427804,0.7248881336427804,0.7248881336427804,0.7248881336427804,0.7248881336427804,0.7248881336427804,0.7248881336427804,0.7248881336427804,0.7248881336427804,0.7248881336427804,0.7248881336427804,0.7248881336427804,0.7248881336427804,0.7248881336427804,0.7248881336427804,0.7249070512227211,0.622000269205742,0.6218364356160953,0.6216755304410152,0.6216755304410152,0.6216755304410152,0.6216755304410152,0.6216755304410152,0.6216755304410152,0.6216755304410152,0.6216755304410152,0.6216755304410152,0.6216755304410152,0.6216755304410152,0.6216755304410152,0.6216755304410152,0.6216755304410152,0.6216755304410152,0.6216755304410152,0.6216755304410152,0.6217010906483734,0.9992245568502821,0.9996198414093126,1.0,1.0,1.0,1.0,1.0,1.0,1.0,1.0,1.0,1.0,1.0,1.0,1.0,1.0,1.0,1.0,1.0,0.999939178855768,0.7141285214467303,0.7136746888865609,0.7132253513251535,0.7132253513251535,0.7132253513251535,0.7132253513251535,0.7132253513251535,0.7132253513251535,0.7132253513251535,0.7132253513251535,0.7132253513251535,0.7132253513251535,0.7132253513251535,0.7132253513251535,0.7132253513251535,0.7132253513251535,0.7132253513251535,0.7132253513251535,0.7132253513251535,0.7132965359400473,4573.0,4571.0,4569.0,4569.0,4569.0,4569.0,4569.0,4569.0,4569.0,4569.0,4569.0,4569.0,4569.0,4569.0,4569.0,4569.0,4569.0,4569.0,4569.0,4569.315789473684,0.0,2.0,4.0,4.0,4.0,4.0,4.0,4.0,4.0,4.0,4.0,4.0,4.0,4.0,4.0,4.0,4.0,4.0,4.0,3.6842105263157894,0.0,2.0,4.0,4.0,4.0,4.0,4.0,4.0,4.0,4.0,4.0,4.0,4.0,4.0,4.0,4.0,4.0,4.0,4.0,3.6842105263157894,0.9960638530505139,1.0,1.0,1.0,1.0,1.0,0.0,0.0,0.9960638530505139,1.0,0.0,0.9997255034976812,4573.0,4573,0,0,18,20,0,0,6.0,480,0.6483708725125737,0.6483708725125737,0.6483708725125737,2965,1608,1608,9.064563846614714,0.4899764241413359,480.0,1.0,17,20,480,4573,4573,17,20
v_G-vNjfx1GGc_c600,0.5310070540476478,1.0,0.5310070540476478,0.5310070540476478,0.5310070540476478,0.5310070540476478,0.5310070540476478,0.5310070540476478,0.5310070540476478,0.5310070540476478,0.5310070540476478,0.5310070540476478,0.5310070540476478,0.5310070540476478,0.5310070540476478,0.5310070540476478,0.5310070540476478,0.5310070540476478,0.5310070540476478,0.5310070540476478,0.5310070540476478,0.5310070540476478,0.5310070540476477,1.0,1.0,1.0,1.0,1.0,1.0,1.0,1.0,1.0,1.0,1.0,1.0,1.0,1.0,1.0,1.0,1.0,1.0,1.0,1.0,0.2819684914483615,0.2819684914483615,0.2819684914483615,0.2819684914483615,0.2819684914483615,0.2819684914483615,0.2819684914483615,0.2819684914483615,0.2819684914483615,0.2819684914483615,0.2819684914483615,0.2819684914483615,0.2819684914483615,0.2819684914483615,0.2819684914483615,0.2819684914483615,0.2819684914483615,0.2819684914483615,0.2819684914483615,0.28196849144836145,1.0,1.0,1.0,1.0,1.0,1.0,1.0,1.0,1.0,1.0,1.0,1.0,1.0,1.0,1.0,1.0,1.0,1.0,1.0,1.0,1.0,1.0,1.0,1.0,1.0,1.0,1.0,1.0,1.0,1.0,1.0,1.0,1.0,1.0,1.0,1.0,1.0,1.0,1.0,1.0,0.5032899122863903,0.5032899122863903,0.5032899122863903,0.5032899122863903,0.5032899122863903,0.5032899122863903,0.5032899122863903,0.5032899122863903,0.5032899122863903,0.5032899122863903,0.5032899122863903,0.5032899122863903,0.5032899122863903,0.5032899122863903,0.5032899122863903,0.5032899122863903,0.5032899122863903,0.5032899122863903,0.5032899122863903,0.5032899122863904,0.40864753479318894,0.40864753479318894,0.40864753479318894,0.40864753479318894,0.40864753479318894,0.40864753479318894,0.40864753479318894,0.40864753479318894,0.40864753479318894,0.40864753479318894,0.40864753479318894,0.40864753479318894,0.40864753479318894,0.40864753479318894,0.40864753479318894,0.40864753479318894,0.40864753479318894,0.40864753479318894,0.40864753479318894,0.4086475347931889,1.0,1.0,1.0,1.0,1.0,1.0,1.0,1.0,1.0,1.0,1.0,1.0,1.0,1.0,1.0,1.0,1.0,1.0,1.0,1.0,0.5310070540476478,0.5310070540476478,0.5310070540476478,0.5310070540476478,0.5310070540476478,0.5310070540476478,0.5310070540476478,0.5310070540476478,0.5310070540476478,0.5310070540476478,0.5310070540476478,0.5310070540476478,0.5310070540476478,0.5310070540476478,0.5310070540476478,0.5310070540476478,0.5310070540476478,0.5310070540476478,0.5310070540476478,0.5310070540476477,5462.0,5462.0,5462.0,5462.0,5462.0,5462.0,5462.0,5462.0,5462.0,5462.0,5462.0,5462.0,5462.0,5462.0,5462.0,5462.0,5462.0,5462.0,5462.0,5462.0,0.0,0.0,0.0,0.0,0.0,0.0,0.0,0.0,0.0,0.0,0.0,0.0,0.0,0.0,0.0,0.0,0.0,0.0,0.0,0.0,0.0,0.0,0.0,0.0,0.0,0.0,0.0,0.0,0.0,0.0,0.0,0.0,0.0,0.0,0.0,0.0,0.0,0.0,0.0,0.0,0.990845844013182,1.0,1.0,1.0,1.0,1.0,0.0,0.0,0.990845844013182,1.0,0.0,0.9996889472712677,5462.0,5462,0,0,50,19,0,0,24.0,500,0.4538630538264372,0.4538630538264372,0.4538630538264372,2479,2983,2983,5.967174639558474,0.30600895587479354,500.0,1.0,20,19,500,5462,5462,20,19
v_G-vNjfx1GGc_c601,0.7742674483444264,0.9994267467118986,0.7738235969837931,0.7742674483444264,0.7742674483444264,0.7742674483444264,0.7740406437558947,0.7738413763780017,0.7738413763780017,0.7738413763780017,0.7738413763780017,0.7738413763780017,0.7738413763780017,0.7738413763780017,0.7738413763780017,0.7738413763780017,0.7738413763780017,0.7738413763780017,0.7738413763780017,0.7738413763780017,0.7738413763780017,0.7738413763780017,0.7739191386557472,1.0,1.0,1.0,0.9992800575953924,0.9985606333213386,0.9985606333213386,0.9985606333213386,0.9985606333213386,0.9985606333213386,0.9985606333213386,0.9985606333213386,0.9985606333213386,0.9985606333213386,0.9985606333213386,0.9985606333213386,0.9985606333213386,0.9985606333213386,0.9985606333213386,0.9985606333213386,0.9988257661797618,0.5994900815657891,0.5994900815657891,0.5994900815657891,0.5995705744671537,0.5996936548588084,0.5996936548588084,0.5996936548588084,0.5996936548588084,0.5996936548588084,0.5996936548588084,0.5996936548588084,0.5996936548588084,0.5996936548588084,0.5996936548588084,0.5996936548588084,0.5996936548588084,0.5996936548588084,0.5996936548588084,0.5996936548588084,0.5996550337919289,1.0,1.0,1.0,0.9996398991717681,0.9992797983435362,0.9992797983435362,0.9992797983435362,0.9992797983435362,0.9992797983435362,0.9992797983435362,0.9992797983435362,0.9992797983435362,0.9992797983435362,0.9992797983435362,0.9992797983435362,0.9992797983435362,0.9992797983435362,0.9992797983435362,0.9992797983435362,0.9994124670697269,1.0,1.0,1.0,0.9996398991717681,0.9992797983435362,0.9992797983435362,0.9992797983435362,0.9992797983435362,0.9992797983435362,0.9992797983435362,0.9992797983435362,0.9992797983435362,0.9992797983435362,0.9992797983435362,0.9992797983435362,0.9992797983435362,0.9992797983435362,0.9992797983435362,0.9992797983435362,0.9994124670697269,0.7327481532038609,0.7327481532038609,0.7327481532038609,0.7328354204432794,0.7330130832824183,0.7330130832824183,0.7330130832824183,0.7330130832824183,0.7330130832824183,0.7330130832824183,0.7330130832824183,0.7330130832824183,0.7330130832824183,0.7330130832824183,0.7330130832824183,0.7330130832824183,0.7330130832824183,0.7330130832824183,0.7330130832824183,0.7329619015416389,0.7367286817937253,0.7367286817937253,0.7367286817937253,0.7365870731255099,0.7365230838911938,0.7365230838911938,0.7365230838911938,0.7365230838911938,0.7365230838911938,0.7365230838911938,0.7365230838911938,0.7365230838911938,0.7365230838911938,0.7365230838911938,0.7365230838911938,0.7365230838911938,0.7365230838911938,0.7365230838911938,0.7365230838911938,0.7365589145723471,0.9994267467118986,0.9994267467118986,0.9994267467118986,0.9997250404642534,1.0,1.0,1.0,1.0,1.0,1.0,1.0,1.0,1.0,1.0,1.0,1.0,1.0,1.0,1.0,0.9998950147684184,0.7742674483444264,0.7742674483444264,0.7742674483444264,0.7741799975501206,0.7741199871436005,0.7741199871436005,0.7741199871436005,0.7741199871436005,0.7741199871436005,0.7741199871436005,0.7741199871436005,0.7741199871436005,0.7741199871436005,0.7741199871436005,0.7741199871436005,0.7741199871436005,0.7741199871436005,0.7741199871436005,0.7741199871436005,0.7741464289335479,5554.0,5554.0,5554.0,5552.0,5550.0,5550.0,5550.0,5550.0,5550.0,5550.0,5550.0,5550.0,5550.0,5550.0,5550.0,5550.0,5550.0,5550.0,5550.0,5550.736842105263,0.0,0.0,0.0,2.0,4.0,4.0,4.0,4.0,4.0,4.0,4.0,4.0,4.0,4.0,4.0,4.0,4.0,4.0,4.0,3.263157894736842,0.0,0.0,0.0,2.0,4.0,4.0,4.0,4.0,4.0,4.0,4.0,4.0,4.0,4.0,4.0,4.0,4.0,4.0,4.0,3.263157894736842,0.9931580842635938,1.0,1.0,1.0,1.0,1.0,0.0,0.0,0.9931580842635938,1.0,0.0,0.9997155593092155,5554.0,5554,0,0,38,20,0,0,19.0,481,0.7605329492257832,0.7605329492257832,0.7605329492257832,4224,1330,1330,12.318262084455148,0.6008908333880559,481.0,1.0,21,20,481,5554,5554,21,20
v_ITo3sCnpw_k_c007,0.5862051240034152,0.9970652511659075,0.5844847591992071,0.5862051240034152,0.5862051240034152,0.5862051240034152,0.5862051240034152,0.5862051240034152,0.5852858004452006,0.5840765509292805,0.5832400288054178,0.5824704316111965,0.5819408380701361,0.5814787705504975,0.5811839284592936,0.58050312708067,0.5804161933137223,0.5795191424691448,0.5793476578285123,0.5788997642368399,0.5786107427307905,0.5783228450703083,0.5824379706114783,1.0,1.0,1.0,1.0,1.0,0.9987737584304108,0.9971411068000817,0.9959183673469387,0.9946971242096676,0.9938837920489296,0.9930711228856736,0.9926650366748166,0.9914477703115455,0.991042345276873,0.9894222945484134,0.9886132574217161,0.9878048780487805,0.9874009347693559,0.9869971556277936,0.9941515233895262,0.34363644740785937,0.34363644740785937,0.34363644740785937,0.34363644740785937,0.34363644740785937,0.3429800445909962,0.3421235119272252,0.3415630661648829,0.3410805112871925,0.3407391706384725,0.3404766816886322,0.34027063130060414,0.33989070391932497,0.33992791434827685,0.33943285727299716,0.3395096172458127,0.3392622819351165,0.33906225912342264,0.3388635025168633,0.34122973636837456,1.0,1.0,1.0,1.0,1.0,0.9993865030674847,0.9985685071574643,0.9979550102249489,0.9973415132924336,0.9969325153374233,0.9965235173824131,0.996319018404908,0.9957055214723927,0.9955010224948875,0.9946830265848671,0.9942740286298568,0.9938650306748467,0.9936605316973415,0.9934560327198364,0.9970616725863739,1.0,1.0,1.0,1.0,1.0,0.9993865030674847,0.9985685071574643,0.9979550102249489,0.9973415132924336,0.9969325153374233,0.9965235173824131,0.996319018404908,0.9957055214723927,0.9955010224948875,0.9946830265848671,0.9942740286298568,0.9938650306748467,0.9936605316973415,0.9934560327198364,0.9970616725863739,0.476663459925268,0.476663459925268,0.476663459925268,0.476663459925268,0.476663459925268,0.4760425103393991,0.475224559323484,0.474733516365796,0.474362623234728,0.47407868436850864,0.4739155390511503,0.47371535018391997,0.47333503936574334,0.4733766249546926,0.4729427158975125,0.47302967746168834,0.47273197542104134,0.4725350158805553,0.472338777119079,0.4745094688733495,0.510147595819225,0.510147595819225,0.510147595819225,0.510147595819225,0.510147595819225,0.5096235436744022,0.508934037467475,0.5084121970351563,0.5078853945270735,0.5075401649649183,0.5071925426382778,0.5070240390580353,0.5066512348084288,0.5067040903107826,0.5062536689024144,0.5063632135931744,0.5061641936051681,0.5059986997762123,0.5058338724083016,0.5079641511508391,0.9970652511659075,0.9970652511659075,0.9970652511659075,0.9970652511659075,0.9970652511659075,0.9975052477320449,0.9980655836185248,0.9984452207384118,0.9987953076537484,0.9990059133112755,0.999195962122195,0.9992787723195002,0.9995024130209619,0.9995673733434274,0.9997956174624074,0.999889733281184,0.9999584520417855,0.9999841689489766,1.0,0.9986482116538937,0.5862051240034152,0.5862051240034152,0.5862051240034152,0.5862051240034152,0.5862051240034152,0.58546530843913,0.5844944521281944,0.5838360841769209,0.5832441626640815,0.5828327019467935,0.5824886440292617,0.5822526095857675,0.5817482708092995,0.5817203677956138,0.5810577439417308,0.5810039542873825,0.580672815139699,0.5804418874263658,0.5802120223193856,0.5832892970898264,9780.0,9780.0,9780.0,9780.0,9780.0,9774.0,9766.0,9760.0,9754.0,9750.0,9746.0,9744.0,9738.0,9736.0,9728.0,9724.0,9720.0,9718.0,9716.0,9751.263157894737,0.0,0.0,0.0,0.0,0.0,6.0,14.0,20.0,26.0,30.0,34.0,36.0,42.0,44.0,52.0,56.0,60.0,62.0,64.0,28.736842105263158,0.0,0.0,0.0,0.0,0.0,6.0,14.0,20.0,26.0,30.0,34.0,36.0,42.0,44.0,52.0,56.0,60.0,62.0,64.0,28.736842105263158,0.9943762781186094,0.9992592702142067,1.0,1.0,1.0,1.0,0.0,0.0,0.9936355483328161,1.0,0.0,0.9998220488047552,9772.75566269494,9780,0,0,55,21,0,0,30.0,701,0.5294478527607362,0.5294478527607362,0.5294478527607362,5178,4602,4602,9.090240739719354,0.4131927608963343,701.0,1.0,23,21,701,9780,9780,23,21
v_ITo3sCnpw_k_c010,0.8359349890438512,1.0,0.8359349890438512,0.8359349890438512,0.8359349890438512,0.8359349890438512,0.8359349890438512,0.8359349890438512,0.8359349890438512,0.8359349890438512,0.8359349890438512,0.8359349890438512,0.8359349890438512,0.8359349890438512,0.8359349890438512,0.8359349890438512,0.8359349890438512,0.8359349890438512,0.8359349890438512,0.8359349890438512,0.8359349890438512,0.8359349890438512,0.8359349890438512,1.0,1.0,1.0,1.0,1.0,1.0,1.0,1.0,1.0,1.0,1.0,1.0,1.0,1.0,1.0,1.0,1.0,1.0,1.0,1.0,0.6987873059077437,0.6987873059077437,0.6987873059077437,0.6987873059077437,0.6987873059077437,0.6987873059077437,0.6987873059077437,0.6987873059077437,0.6987873059077437,0.6987873059077437,0.6987873059077437,0.6987873059077437,0.6987873059077437,0.6987873059077437,0.6987873059077437,0.6987873059077437,0.6987873059077437,0.6987873059077437,0.6987873059077437,0.6987873059077436,1.0,1.0,1.0,1.0,1.0,1.0,1.0,1.0,1.0,1.0,1.0,1.0,1.0,1.0,1.0,1.0,1.0,1.0,1.0,1.0,1.0,1.0,1.0,1.0,1.0,1.0,1.0,1.0,1.0,1.0,1.0,1.0,1.0,1.0,1.0,1.0,1.0,1.0,1.0,1.0,0.782949641852224,0.782949641852224,0.782949641852224,0.782949641852224,0.782949641852224,0.782949641852224,0.782949641852224,0.782949641852224,0.782949641852224,0.782949641852224,0.782949641852224,0.782949641852224,0.782949641852224,0.782949641852224,0.782949641852224,0.782949641852224,0.782949641852224,0.782949641852224,0.782949641852224,0.7829496418522239,0.7965756769294954,0.7965756769294954,0.7965756769294954,0.7965756769294954,0.7965756769294954,0.7965756769294954,0.7965756769294954,0.7965756769294954,0.7965756769294954,0.7965756769294954,0.7965756769294954,0.7965756769294954,0.7965756769294954,0.7965756769294954,0.7965756769294954,0.7965756769294954,0.7965756769294954,0.7965756769294954,0.7965756769294954,0.7965756769294955,1.0,1.0,1.0,1.0,1.0,1.0,1.0,1.0,1.0,1.0,1.0,1.0,1.0,1.0,1.0,1.0,1.0,1.0,1.0,1.0,0.8359349890438512,0.8359349890438512,0.8359349890438512,0.8359349890438512,0.8359349890438512,0.8359349890438512,0.8359349890438512,0.8359349890438512,0.8359349890438512,0.8359349890438512,0.8359349890438512,0.8359349890438512,0.8359349890438512,0.8359349890438512,0.8359349890438512,0.8359349890438512,0.8359349890438512,0.8359349890438512,0.8359349890438512,0.8359349890438512,7705.0,7705.0,7705.0,7705.0,7705.0,7705.0,7705.0,7705.0,7705.0,7705.0,7705.0,7705.0,7705.0,7705.0,7705.0,7705.0,7705.0,7705.0,7705.0,7705.0,0.0,0.0,0.0,0.0,0.0,0.0,0.0,0.0,0.0,0.0,0.0,0.0,0.0,0.0,0.0,0.0,0.0,0.0,0.0,0.0,0.0,0.0,0.0,0.0,0.0,0.0,0.0,0.0,0.0,0.0,0.0,0.0,0.0,0.0,0.0,0.0,0.0,0.0,0.0,0.0,0.9976638546398443,1.0,1.0,1.0,1.0,1.0,0.0,0.0,0.9976638546398443,1.0,0.0,0.9998370833867484,7705.0,7705,0,0,18,20,0,0,11.0,560,0.8010382868267358,0.8010382868267358,0.8010382868267358,6172,1533,1533,14.023352405371426,0.6840659709937281,560.0,1.0,21,20,560,7705,7705,21,20
v_ITo3sCnpw_k_c011,0.7625381200622641,0.9997611737053129,0.762356005908492,0.7625381200622641,0.7625381200622641,0.7625381200622641,0.7625381200622641,0.7625381200622641,0.7625381200622641,0.7625381200622641,0.7624384417559327,0.7623396333861359,0.7623396333861359,0.7623396333861359,0.7623396333861359,0.7623396333861359,0.7623396333861359,0.7623396333861359,0.7623396333861359,0.7623396333861359,0.7623396333861359,0.7623396333861359,0.7624179604968039,1.0,1.0,1.0,1.0,1.0,1.0,1.0,0.9995892380365579,0.9991786447638604,0.9991786447638604,0.9991786447638604,0.9991786447638604,0.9991786447638604,0.9991786447638604,0.9991786447638604,0.9991786447638604,0.9991786447638604,0.9991786447638604,0.9991786447638604,0.9995028594967904,0.5814643845480919,0.5814643845480919,0.5814643845480919,0.5814643845480919,0.5814643845480919,0.5814643845480919,0.5814643845480919,0.5815512566032194,0.5816394492384854,0.5816394492384854,0.5816394492384854,0.5816394492384854,0.5816394492384854,0.5816394492384854,0.5816394492384854,0.5816394492384854,0.5816394492384854,0.5816394492384854,0.5816394492384854,0.5815703100033264,1.0,1.0,1.0,1.0,1.0,1.0,1.0,0.9997945768282662,0.9995891536565324,0.9995891536565324,0.9995891536565324,0.9995891536565324,0.9995891536565324,0.9995891536565324,0.9995891536565324,0.9995891536565324,0.9995891536565324,0.9995891536565324,0.9995891536565324,0.9997513298447435,1.0,1.0,1.0,1.0,1.0,1.0,1.0,0.9997945768282662,0.9995891536565324,0.9995891536565324,0.9995891536565324,0.9995891536565324,0.9995891536565324,0.9995891536565324,0.9995891536565324,0.9995891536565324,0.9995891536565324,0.9995891536565324,0.9995891536565324,0.9997513298447435,0.6996736950604772,0.6996736950604772,0.6996736950604772,0.6996736950604772,0.6996736950604772,0.6996736950604772,0.6996736950604772,0.6997556842047015,0.6998399725833431,0.6998399725833431,0.6998399725833431,0.6998399725833431,0.6998399725833431,0.6998399725833431,0.6998399725833431,0.6998399725833431,0.6998399725833431,0.6998399725833431,0.6998399725833431,0.699774276212885,0.708567153151318,0.708567153151318,0.708567153151318,0.708567153151318,0.708567153151318,0.708567153151318,0.708567153151318,0.7086631742444254,0.7087612150449986,0.7087612150449986,0.7087612150449986,0.7087612150449986,0.7087612150449986,0.7087612150449986,0.7087612150449986,0.7087612150449986,0.7087612150449986,0.7087612150449986,0.7087612150449986,0.7086845585157174,0.9997611737053129,0.9997611737053129,0.9997611737053129,0.9997611737053129,0.9997611737053129,0.9997611737053129,0.9997611737053129,0.9998851695717152,1.0,1.0,1.0,1.0,1.0,1.0,1.0,1.0,1.0,1.0,1.0,0.9999059676583634,0.7625381200622641,0.7625381200622641,0.7625381200622641,0.7625381200622641,0.7625381200622641,0.7625381200622641,0.7625381200622641,0.7625167489960875,0.7624962195300049,0.7624962195300049,0.7624962195300049,0.7624962195300049,0.7624962195300049,0.7624962195300049,0.7624962195300049,0.7624962195300049,0.7624962195300049,0.7624962195300049,0.7624962195300049,0.7625127370664205,9736.0,9736.0,9736.0,9736.0,9736.0,9736.0,9736.0,9734.0,9732.0,9732.0,9732.0,9732.0,9732.0,9732.0,9732.0,9732.0,9732.0,9732.0,9732.0,9733.578947368422,0.0,0.0,0.0,0.0,0.0,0.0,0.0,2.0,4.0,4.0,4.0,4.0,4.0,4.0,4.0,4.0,4.0,4.0,4.0,2.4210526315789473,0.0,0.0,0.0,0.0,0.0,0.0,0.0,2.0,4.0,4.0,4.0,4.0,4.0,4.0,4.0,4.0,4.0,4.0,4.0,2.4210526315789473,0.9959942481511914,1.0,1.0,1.0,1.0,1.0,0.0,0.0,0.9959942481511914,1.0,0.0,0.9998365792309957,9736.0,9736,0,0,39,22,0,0,16.0,776,0.7428101889893179,0.7428101889893179,0.7428101889893179,7232,2504,2504,12.490160015894634,0.5677345461770288,776.0,1.0,22,22,776,9736,9736,22,22
v_ITo3sCnpw_k_c012,0.6103580975445276,0.9997240817639305,0.6101896886148824,0.6103580975445276,0.6103580975445276,0.6103580975445276,0.6103580975445276,0.6103580975445276,0.6103580975445276,0.6103580975445276,0.6103580975445276,0.6103580975445276,0.6103580975445276,0.6103580975445276,0.6103580975445276,0.6103580975445276,0.6103580975445276,0.6098688758193497,0.6097477351770548,0.6097477351770548,0.6097477351770548,0.6096594474978286,0.6101992049721963,1.0,1.0,1.0,1.0,1.0,1.0,1.0,1.0,1.0,1.0,1.0,1.0,1.0,1.0,0.9985239852398524,0.998155321896329,0.998155321896329,0.998155321896329,0.9977867945407599,0.9995145655510317,0.3725370072381751,0.3725370072381751,0.3725370072381751,0.3725370072381751,0.3725370072381751,0.3725370072381751,0.3725370072381751,0.3725370072381751,0.3725370072381751,0.3725370072381751,0.3725370072381751,0.3725370072381751,0.3725370072381751,0.3725370072381751,0.37248984620415987,0.37247940515630795,0.37247940515630795,0.37247940515630795,0.37250908105516545,0.37252396021382633,1.0,1.0,1.0,1.0,1.0,1.0,1.0,1.0,1.0,1.0,1.0,1.0,1.0,1.0,0.9992614475627769,0.9990768094534712,0.9990768094534712,0.9990768094534712,0.9988921713441654,0.9997570551193344,1.0,1.0,1.0,1.0,1.0,1.0,1.0,1.0,1.0,1.0,1.0,1.0,1.0,1.0,0.9992614475627769,0.9990768094534712,0.9990768094534712,0.9990768094534712,0.9988921713441654,0.9997570551193344,0.47331966347135457,0.47331966347135457,0.47331966347135457,0.47331966347135457,0.47331966347135457,0.47331966347135457,0.47331966347135457,0.47331966347135457,0.47331966347135457,0.47331966347135457,0.47331966347135457,0.47331966347135457,0.47331966347135457,0.47331966347135457,0.47324194782695583,0.4732243426983875,0.4732243426983875,0.4732243426983875,0.473251201601743,0.47329691926962236,0.6395990005784156,0.6395990005784156,0.6395990005784156,0.6395990005784156,0.6395990005784156,0.6395990005784156,0.6395990005784156,0.6395990005784156,0.6395990005784156,0.6395990005784156,0.6395990005784156,0.6395990005784156,0.6395990005784156,0.6395990005784156,0.6396943441871836,0.6397197279471956,0.6397197279471956,0.6397197279471956,0.6397609420535759,0.6396316041147454,0.9997240817639305,0.9997240817639305,0.9997240817639305,0.9997240817639305,0.9997240817639305,0.9997240817639305,0.9997240817639305,0.9997240817639305,0.9997240817639305,0.9997240817639305,0.9997240817639305,0.9997240817639305,0.9997240817639305,0.9997240817639305,0.9999374597010118,0.9999818066393606,0.9999818066393606,0.9999818066393606,1.0,0.99979052759548,0.6103580975445276,0.6103580975445276,0.6103580975445276,0.6103580975445276,0.6103580975445276,0.6103580975445276,0.6103580975445276,0.6103580975445276,0.6103580975445276,0.6103580975445276,0.6103580975445276,0.6103580975445276,0.6103580975445276,0.6103580975445276,0.6100940443246474,0.610029126919929,0.610029126919929,0.610029126919929,0.6099970531245327,0.610273254938545,10832.0,10832.0,10832.0,10832.0,10832.0,10832.0,10832.0,10832.0,10832.0,10832.0,10832.0,10832.0,10832.0,10832.0,10824.0,10822.0,10822.0,10822.0,10820.0,10829.368421052632,0.0,0.0,0.0,0.0,0.0,0.0,0.0,0.0,0.0,0.0,0.0,0.0,0.0,0.0,8.0,10.0,10.0,10.0,12.0,2.6315789473684212,0.0,0.0,0.0,0.0,0.0,0.0,0.0,0.0,0.0,0.0,0.0,0.0,0.0,0.0,8.0,10.0,10.0,10.0,12.0,2.6315789473684212,0.993814623338257,0.9999818234352993,1.0,1.0,1.0,1.0,0.0,0.0,0.9937964467735563,1.0,0.0,0.9998314185004893,10831.803111451161,10832,0,0,67,21,0,0,36.0,850,0.5540989660265879,0.5540989660265879,0.5540989660265879,6002,4830,4830,9.688728091240343,0.35884178115704973,850.0,1.0,33,21,850,10832,10832,33,21
v_cC2mHWqMcjk_c007,0.8472204895277906,0.9957434552861912,0.8436142576316606,0.8472204895277906,0.8472204895277906,0.8472204895277906,0.8472204895277906,0.8470342718486584,0.8468189737569309,0.8458350932744687,0.8442423499616504,0.8429413114070371,0.8421295700698651,0.8417995522276801,0.8416505767612922,0.8415019937871365,0.8415019937871365,0.8412631708944022,0.8412631708944022,0.8412631708944022,0.8412631708944022,0.8412631708944022,0.8437186052350015,1.0,1.0,1.0,1.0,0.9994923213605788,0.9989849003933511,0.9964516537827905,0.9929158760278305,0.9898951623089555,0.9878864353312303,0.9868835918779165,0.9863825494893456,0.9858817597378041,0.9858817597378041,0.9853812224322621,0.9853812224322621,0.9853812224322621,0.9853812224322621,0.9853812224322621,0.9914506380109958,0.7177825578757092,0.7177825578757092,0.7177825578757092,0.7177825578757092,0.7178314853980277,0.7178310443254768,0.7179846631782321,0.7178303446210504,0.7178033407287692,0.7178782777276143,0.7180446528473482,0.7181551353775926,0.7182662611955134,0.7182662611955134,0.7182232689155543,0.7182232689155543,0.7182232689155543,0.7182232689155543,0.7182232689155543,0.7180072654039866,1.0,1.0,1.0,1.0,0.999746096229529,0.9994921924590581,0.998222673606703,0.9964453472134062,0.9949219245905802,0.9939063095086962,0.9933985019677543,0.9931445981972832,0.9928906944268122,0.9928906944268122,0.9926367906563413,0.9926367906563413,0.9926367906563413,0.9926367906563413,0.9926367906563413,0.9956969992583339,1.0,1.0,1.0,1.0,0.999746096229529,0.9994921924590581,0.998222673606703,0.9964453472134062,0.9949219245905802,0.9939063095086962,0.9933985019677543,0.9931445981972832,0.9928906944268122,0.9928906944268122,0.9926367906563413,0.9926367906563413,0.9926367906563413,0.9926367906563413,0.9926367906563413,0.9956969992583339,0.7638494947907558,0.7638494947907558,0.7638494947907558,0.7638494947907558,0.763849831799586,0.7638600128158698,0.7638888864891714,0.7635398313478714,0.7633612263172865,0.7633285430187846,0.7634310280268886,0.7635261957531204,0.7636221820112337,0.7636221820112337,0.7635569349922697,0.7635569349922697,0.7635569349922697,0.7635569349922697,0.7635569349922697,0.7636427670376535,0.7911456482735144,0.7911456482735144,0.7911456482735144,0.7911456482735144,0.7911545684335047,0.7911717597470734,0.791240293328068,0.7909469073615645,0.7908155505152217,0.790805947049751,0.7909161291481235,0.7910105112215232,0.7911057611955183,0.7911057611955183,0.7910482702940873,0.7910482702940873,0.7910482702940873,0.7910482702940873,0.7910482702940873,0.7910577438821244,0.9957434552861912,0.9957434552861912,0.9957434552861912,0.9957434552861912,0.9959330525786108,0.9961111216815707,0.9969674990547952,0.9980599740021673,0.9989491388082311,0.9994851485411083,0.9997316764427663,0.9998395143199746,0.9999297961109717,0.9999297961109717,1.0,1.0,1.0,1.0,1.0,0.9983110809892597,0.8472204895277906,0.8472204895277906,0.8472204895277906,0.8472204895277906,0.8471417976214621,0.8470339569982104,0.8465864221013606,0.8457415131032895,0.8450788609564287,0.8446915115547876,0.844573550665963,0.8445305757448304,0.844487943585794,0.844487943585794,0.8443546888784607,0.8443546888784607,0.8443546888784607,0.8443546888784607,0.8443546888784607,0.8455268146537572,7877.0,7877.0,7877.0,7877.0,7875.0,7873.0,7863.0,7849.0,7837.0,7829.0,7825.0,7823.0,7821.0,7821.0,7819.0,7819.0,7819.0,7819.0,7819.0,7843.105263157895,0.0,0.0,0.0,0.0,2.0,4.0,14.0,28.0,40.0,48.0,52.0,54.0,56.0,56.0,58.0,58.0,58.0,58.0,58.0,33.89473684210526,0.0,0.0,0.0,0.0,2.0,4.0,14.0,28.0,40.0,48.0,52.0,54.0,56.0,56.0,58.0,58.0,58.0,58.0,58.0,33.89473684210526,0.9973340104100545,0.9998075198939339,1.0,1.0,1.0,1.0,0.0,0.0,0.9971415303039886,1.0,0.0,0.9998321417678387,7875.483834204518,7877,0,0,21,12,0,0,7.0,681,0.8080487495239305,0.8080487495239305,0.8080487495239305,6365,1512,1512,9.566741345848252,0.7653393076678602,681.0,1.0,13,12,681,7877,7877,13,12
v_cC2mHWqMcjk_c008,0.8289398926648394,0.998081496083374,0.8273495682341143,0.8289398926648394,0.8289398926648394,0.8289398926648394,0.8289398926648394,0.8272807139080823,0.8272807139080823,0.8272807139080823,0.8263936786598537,0.8263936786598537,0.8263936786598537,0.825306110444414,0.825306110444414,0.825306110444414,0.825306110444414,0.825306110444414,0.825306110444414,0.825306110444414,0.825306110444414,0.825306110444414,0.8265546180190996,1.0,1.0,1.0,1.0,0.997133643855249,0.997133643855249,0.997133643855249,0.9957035445757251,0.9957035445757251,0.9957035445757251,0.9942754919499106,0.9942754919499106,0.9942754919499106,0.9942754919499106,0.9942754919499106,0.9942754919499106,0.9942754919499106,0.9942754919499106,0.9942754919499106,0.996157420675901,0.6871413456511953,0.6871413456511953,0.6871413456511953,0.6871413456511953,0.6863607339114292,0.6863607339114292,0.6863607339114292,0.6858733363452717,0.6858733363452717,0.6858733363452717,0.6850517602531847,0.6850517602531847,0.6850517602531847,0.6850517602531847,0.6850517602531847,0.6850517602531847,0.6850517602531847,0.6850517602531847,0.6850517602531847,0.685828075560713,1.0,1.0,1.0,1.0,0.9985647649802655,0.9985647649802655,0.9985647649802655,0.9978471474703983,0.9978471474703983,0.9978471474703983,0.9971295299605311,0.9971295299605311,0.9971295299605311,0.9971295299605311,0.9971295299605311,0.9971295299605311,0.9971295299605311,0.9971295299605311,0.9971295299605311,0.9980737635261459,1.0,1.0,1.0,1.0,0.9985647649802655,0.9985647649802655,0.9985647649802655,0.9978471474703983,0.9978471474703983,0.9978471474703983,0.9971295299605311,0.9971295299605311,0.9971295299605311,0.9971295299605311,0.9971295299605311,0.9971295299605311,0.9971295299605311,0.9971295299605311,0.9971295299605311,0.9980737635261459,0.7704172190010701,0.7704172190010701,0.7704172190010701,0.7704172190010701,0.769845431447653,0.769845431447653,0.769845431447653,0.7693650544291295,0.7693650544291295,0.7693650544291295,0.7688940193385734,0.7688940193385734,0.7688940193385734,0.7688940193385734,0.7688940193385734,0.7688940193385734,0.7688940193385734,0.7688940193385734,0.7688940193385734,0.7694392898779888,0.7693688908534849,0.7693688908534849,0.7693688908534849,0.7693688908534849,0.7687145820656172,0.7687145820656172,0.7687145820656172,0.7683300326341013,0.7683300326341013,0.7683300326341013,0.7678167133005207,0.7678167133005207,0.7678167133005207,0.7678167133005207,0.7678167133005207,0.7678167133005207,0.7678167133005207,0.7678167133005207,0.7678167133005207,0.7683663066956727,0.998081496083374,0.998081496083374,0.998081496083374,0.998081496083374,0.9992147254404524,0.9992147254404524,0.9992147254404524,0.9996695675610449,0.9996695675610449,0.9996695675610449,1.0,1.0,1.0,1.0,1.0,1.0,1.0,1.0,1.0,0.9994199401756836,0.8289398926648394,0.8289398926648394,0.8289398926648394,0.8289398926648394,0.8278741721722865,0.8278741721722865,0.8278741721722865,0.8272827522668017,0.8272827522668017,0.8272827522668017,0.8264897698700768,0.8264897698700768,0.8264897698700768,0.8264897698700768,0.8264897698700768,0.8264897698700768,0.8264897698700768,0.8264897698700768,0.8264897698700768,0.8273493827793323,2787.0,2787.0,2787.0,2787.0,2783.0,2783.0,2783.0,2781.0,2781.0,2781.0,2779.0,2779.0,2779.0,2779.0,2779.0,2779.0,2779.0,2779.0,2779.0,2781.6315789473683,0.0,0.0,0.0,0.0,4.0,4.0,4.0,6.0,6.0,6.0,8.0,8.0,8.0,8.0,8.0,8.0,8.0,8.0,8.0,5.368421052631579,0.0,0.0,0.0,0.0,4.0,4.0,4.0,6.0,6.0,6.0,8.0,8.0,8.0,8.0,8.0,8.0,8.0,8.0,8.0,5.368421052631579,0.9935414424111948,0.996104068020732,1.0,1.0,1.0,1.0,0.0,0.0,0.989645510431927,1.0,0.0,0.9995495972353415,2776.1420375737803,2787,0,0,18,12,0,0,5.0,259,0.8353067814854682,0.8353067814854682,0.8353067814854682,2328,459,459,9.564624240185914,0.7970520200154928,259.0,1.0,12,12,259,2787,2787,12,12
v_cC2mHWqMcjk_c009,0.9581284965692219,0.9912434346384513,0.9497385817642512,0.9581284965692219,0.9581284965692219,0.9581284965692219,0.9581284965692219,0.9581284965692219,0.9581284965692219,0.9581284965692219,0.9563663987155543,0.9506530616538033,0.9441090281035197,0.9425239829645721,0.9425239829645721,0.9399260437933888,0.9383930858390986,0.9348896105908424,0.9329327316848546,0.9324485381741765,0.9319663356405323,0.9319663356405323,0.9466104532499999,1.0,1.0,1.0,1.0,1.0,1.0,1.0,0.9975424943682163,0.9893942484193351,0.979703673635072,0.9772957632272451,0.9772957632272451,0.9732955694922112,0.9709032127702566,0.9653435422123715,0.9621806477569905,0.9613915141765534,0.9606030150753769,0.9606030150753769,0.9829238136545397,0.9180102159379976,0.9180102159379976,0.9180102159379976,0.9180102159379976,0.9180102159379976,0.9180102159379976,0.9180102159379976,0.9168899508100001,0.9134288430275138,0.9098076091103714,0.9089893683053218,0.9089893683053218,0.9077005952693402,0.9069715415175957,0.9053964166866686,0.9045738800483387,0.9043768990283471,0.9041833485178962,0.9041833485178962,0.9116611937216103,1.0,1.0,1.0,1.0,1.0,1.0,1.0,0.998769735493131,0.9946688538035677,0.9897477957760918,0.9885175312692229,0.9885175312692229,0.9864670904244413,0.9852368259175722,0.982366208734878,0.9807258560590527,0.9803157678900963,0.9799056797211401,0.9799056797211401,0.9913233976883976,1.0,1.0,1.0,1.0,1.0,1.0,1.0,0.998769735493131,0.9946688538035677,0.9897477957760918,0.9885175312692229,0.9885175312692229,0.9864670904244413,0.9852368259175722,0.982366208734878,0.9807258560590527,0.9803157678900963,0.9799056797211401,0.9799056797211401,0.9913233976883976,0.9416359557945241,0.9416359557945241,0.9416359557945241,0.9416359557945241,0.9416359557945241,0.9416359557945241,0.9416359557945241,0.9407989114322243,0.9381199201979966,0.9351332024393205,0.9344258020543479,0.9344258020543479,0.9332820064187243,0.9326169487539719,0.9311274259207608,0.9303156455949159,0.9301171974724484,0.9299205526502985,0.9299205526502985,0.9364029293790171,0.9416359557945243,0.9416359557945243,0.9416359557945243,0.9416359557945243,0.9416359557945243,0.9416359557945243,0.9416359557945243,0.9407989114322244,0.9381199201979968,0.9351332024393205,0.9344258020543481,0.9344258020543481,0.9332820064187243,0.9326169487539722,0.9311274259207609,0.9303156455949159,0.9301171974724486,0.9299205526502985,0.9299205526502985,0.9364029293790171,0.9912434346384513,0.9912434346384513,0.9912434346384513,0.9912434346384513,0.9912434346384513,0.9912434346384513,0.9912434346384513,0.9919763401294077,0.9943017653405672,0.9969170072958465,0.9975003648221891,0.9975003648221891,0.9982689572305126,0.9986875499276988,0.9994979141967341,0.9998696343902117,0.9999429415298907,1.0,1.0,0.9954298359028635,0.9581284965692219,0.9581284965692219,0.9581284965692219,0.9581284965692219,0.9581284965692219,0.9581284965692219,0.9581284965692219,0.9569545097060851,0.9531837285252492,0.9489362864267054,0.9479197889627303,0.9479197889627303,0.9462646380330818,0.9452945375714193,0.9430964135562315,0.9418805618968181,0.9415810821342143,0.9412833785433404,0.9412833785433404,0.9506577667813945,4877.0,4877.0,4877.0,4877.0,4877.0,4877.0,4877.0,4871.0,4851.0,4827.0,4821.0,4821.0,4811.0,4805.0,4791.0,4783.0,4781.0,4779.0,4779.0,4834.684210526316,0.0,0.0,0.0,0.0,0.0,0.0,0.0,6.0,26.0,50.0,56.0,56.0,66.0,72.0,86.0,94.0,96.0,98.0,98.0,42.31578947368421,0.0,0.0,0.0,0.0,0.0,0.0,0.0,6.0,26.0,50.0,56.0,56.0,66.0,72.0,86.0,94.0,96.0,98.0,98.0,42.31578947368421,0.9981546032396965,0.9978554534390986,1.0,1.0,1.0,1.0,0.0,0.0,0.9960100566787952,1.0,0.0,0.9998043382182819,4866.541046422484,4877,0,0,9,12,0,0,2.0,425,0.9544802132458479,0.9544802132458479,0.9544802132458479,4655,222,222,11.446483929983783,0.9538736608319819,425.0,1.0,12,12,425,4877,4877,12,12
v_dw7LOz17Omg_c053,0.7935156845062066,0.9995452778851425,0.7931548553759753,0.7935156845062066,0.7935156845062066,0.7935156845062066,0.7935156845062066,0.7935156845062066,0.7935156845062066,0.7935156845062066,0.7932973013803635,0.7930800199183612,0.7930800199183612,0.7928638339419808,0.7928638339419808,0.7928638339419808,0.7926487373181672,0.7926487373181672,0.7926487373181672,0.7926487373181672,0.7926487373181672,0.7926487373181672,0.7930816346576567,1.0,1.0,1.0,1.0,1.0,1.0,1.0,0.9995470501641943,0.9990943054454885,0.9990943054454885,0.9986417657045841,0.9986417657045841,0.9986417657045841,0.9981894308023085,0.9981894308023085,0.9981894308023085,0.9981894308023085,0.9981894308023085,0.9981894308023085,0.9990946075254094,0.6296671415573536,0.6296671415573536,0.6296671415573536,0.6296671415573536,0.6296671415573536,0.6296671415573536,0.6296671415573536,0.6296057882157619,0.6295460944632775,0.6295460944632775,0.629488051433188,0.629488051433188,0.629488051433188,0.629431650330225,0.629431650330225,0.629431650330225,0.629431650330225,0.629431650330225,0.629431650330225,0.6295485275960373,1.0,1.0,1.0,1.0,1.0,1.0,1.0,0.99977347377959,0.9995469475591799,0.9995469475591799,0.99932042133877,0.99932042133877,0.99932042133877,0.99909389511836,0.99909389511836,0.99909389511836,0.99909389511836,0.99909389511836,0.99909389511836,0.9995469475591799,1.0,1.0,1.0,1.0,1.0,1.0,1.0,0.99977347377959,0.9995469475591799,0.9995469475591799,0.99932042133877,0.99932042133877,0.99932042133877,0.99909389511836,0.99909389511836,0.99909389511836,0.99909389511836,0.99909389511836,0.99909389511836,0.9995469475591799,0.6936206526821471,0.6936206526821471,0.6936206526821471,0.6936206526821471,0.6936206526821471,0.6936206526821471,0.6936206526821471,0.6935738239860987,0.6935281024163666,0.6935281024163666,0.693483488725842,0.693483488725842,0.693483488725842,0.6934399836680987,0.6934399836680987,0.6934399836680987,0.6934399836680987,0.6934399836680987,0.6934399836680987,0.6935297350410518,0.7877131822085276,0.7877131822085276,0.7877131822085276,0.7877131822085276,0.7877131822085276,0.7877131822085276,0.7877131822085276,0.7876288283504818,0.7875458983954874,0.7875458983954874,0.7874643933118565,0.7874643933118565,0.7874643933118565,0.7873843140687795,0.7873843140687795,0.7873843140687795,0.7873843140687795,0.7873843140687795,0.7873843140687795,0.7875479981552314,0.9995452778851425,0.9995452778851425,0.9995452778851425,0.9995452778851425,0.9995452778851425,0.9995452778851425,0.9995452778851425,0.9996845703435544,0.9998143755645734,0.9998143755645734,0.9999268011636255,0.9999268011636255,0.9999268011636255,1.0,1.0,1.0,1.0,1.0,1.0,0.9997847721136618,0.7935156845062066,0.7935156845062066,0.7935156845062066,0.7935156845062066,0.7935156845062066,0.7935156845062066,0.7935156845062066,0.7933871476121913,0.7932596529942589,0.7932596529942589,0.7931331948581744,0.7931331948581744,0.7931331948581744,0.793007767451998,0.793007767451998,0.793007767451998,0.793007767451998,0.793007767451998,0.793007767451998,0.7932611807595089,8829.0,8829.0,8829.0,8829.0,8829.0,8829.0,8829.0,8827.0,8825.0,8825.0,8823.0,8823.0,8823.0,8821.0,8821.0,8821.0,8821.0,8821.0,8821.0,8825.0,0.0,0.0,0.0,0.0,0.0,0.0,0.0,2.0,4.0,4.0,6.0,6.0,6.0,8.0,8.0,8.0,8.0,8.0,8.0,4.0,0.0,0.0,0.0,0.0,0.0,0.0,0.0,2.0,4.0,4.0,6.0,6.0,6.0,8.0,8.0,8.0,8.0,8.0,8.0,4.0,0.9960357911428248,0.9998921303712333,1.0,1.0,1.0,1.0,0.0,0.0,0.9959279215140581,1.0,0.0,0.9998251140509288,8828.047619047618,8829,0,0,35,21,0,0,20.0,550,0.7715483067165024,0.7715483067165024,0.7715483067165024,6812,2017,2017,14.724314606808385,0.6009924329309545,550.0,1.0,28,21,550,8829,8829,28,21
v_dw7LOz17Omg_c067,0.9397907034315414,1.0,0.9397907034315414,0.9397907034315414,0.9397907034315414,0.9397907034315414,0.9397907034315414,0.9397907034315414,0.9397907034315414,0.9397907034315414,0.9397907034315414,0.9397907034315414,0.9397907034315414,0.9397907034315414,0.9397907034315414,0.9397907034315414,0.9397907034315414,0.9397907034315414,0.9397907034315414,0.9397907034315414,0.9397907034315414,0.9397907034315414,0.9397907034315413,1.0,1.0,1.0,1.0,1.0,1.0,1.0,1.0,1.0,1.0,1.0,1.0,1.0,1.0,1.0,1.0,1.0,1.0,1.0,1.0,0.8832065662563514,0.8832065662563514,0.8832065662563514,0.8832065662563514,0.8832065662563514,0.8832065662563514,0.8832065662563514,0.8832065662563514,0.8832065662563514,0.8832065662563514,0.8832065662563514,0.8832065662563514,0.8832065662563514,0.8832065662563514,0.8832065662563514,0.8832065662563514,0.8832065662563514,0.8832065662563514,0.8832065662563514,0.8832065662563513,1.0,1.0,1.0,1.0,1.0,1.0,1.0,1.0,1.0,1.0,1.0,1.0,1.0,1.0,1.0,1.0,1.0,1.0,1.0,1.0,1.0,1.0,1.0,1.0,1.0,1.0,1.0,1.0,1.0,1.0,1.0,1.0,1.0,1.0,1.0,1.0,1.0,1.0,1.0,1.0,0.9250827126701763,0.9250827126701763,0.9250827126701763,0.9250827126701763,0.9250827126701763,0.9250827126701763,0.9250827126701763,0.9250827126701763,0.9250827126701763,0.9250827126701763,0.9250827126701763,0.9250827126701763,0.9250827126701763,0.9250827126701763,0.9250827126701763,0.9250827126701763,0.9250827126701763,0.9250827126701763,0.9250827126701763,0.9250827126701762,0.9202851305197159,0.9202851305197159,0.9202851305197159,0.9202851305197159,0.9202851305197159,0.9202851305197159,0.9202851305197159,0.9202851305197159,0.9202851305197159,0.9202851305197159,0.9202851305197159,0.9202851305197159,0.9202851305197159,0.9202851305197159,0.9202851305197159,0.9202851305197159,0.9202851305197159,0.9202851305197159,0.9202851305197159,0.9202851305197159,1.0,1.0,1.0,1.0,1.0,1.0,1.0,1.0,1.0,1.0,1.0,1.0,1.0,1.0,1.0,1.0,1.0,1.0,1.0,1.0,0.9397907034315414,0.9397907034315414,0.9397907034315414,0.9397907034315414,0.9397907034315414,0.9397907034315414,0.9397907034315414,0.9397907034315414,0.9397907034315414,0.9397907034315414,0.9397907034315414,0.9397907034315414,0.9397907034315414,0.9397907034315414,0.9397907034315414,0.9397907034315414,0.9397907034315414,0.9397907034315414,0.9397907034315414,0.9397907034315413,6959.0,6959.0,6959.0,6959.0,6959.0,6959.0,6959.0,6959.0,6959.0,6959.0,6959.0,6959.0,6959.0,6959.0,6959.0,6959.0,6959.0,6959.0,6959.0,6959.0,0.0,0.0,0.0,0.0,0.0,0.0,0.0,0.0,0.0,0.0,0.0,0.0,0.0,0.0,0.0,0.0,0.0,0.0,0.0,0.0,0.0,0.0,0.0,0.0,0.0,0.0,0.0,0.0,0.0,0.0,0.0,0.0,0.0,0.0,0.0,0.0,0.0,0.0,0.0,0.0,0.9988504095416008,1.0,1.0,1.0,1.0,1.0,0.0,0.0,0.9988504095416008,1.0,0.0,0.9998702270459847,6959.0,6959,0,0,8,22,0,0,8.0,450,0.937059922402644,0.937059922402644,0.937059922402644,6521,438,438,18.065547137669117,0.8402580064032148,450.0,1.0,21,22,450,6959,6959,21,22
v_i2_L4qquVg0_c006,0.7370123479794487,0.9999963463646327,0.737009655205068,0.7370123479794487,0.7370123479794487,0.7370123479794487,0.7370123479794487,0.7370123479794487,0.7370123479794487,0.7370123479794487,0.7370123479794487,0.7370123479794487,0.7370123479794487,0.7370123479794487,0.7370123479794487,0.7370123479794487,0.7370123479794487,0.7370123479794487,0.7370123479794487,0.7370123479794487,0.7370123479794487,0.7370123479794487,0.7370123479794486,1.0,1.0,1.0,1.0,1.0,1.0,1.0,1.0,1.0,1.0,1.0,1.0,1.0,1.0,1.0,1.0,1.0,1.0,1.0,1.0,0.5431872010741801,0.5431872010741801,0.5431872010741801,0.5431872010741801,0.5431872010741801,0.5431872010741801,0.5431872010741801,0.5431872010741801,0.5431872010741801,0.5431872010741801,0.5431872010741801,0.5431872010741801,0.5431872010741801,0.5431872010741801,0.5431872010741801,0.5431872010741801,0.5431872010741801,0.5431872010741801,0.5431872010741801,0.54318720107418,1.0,1.0,1.0,1.0,1.0,1.0,1.0,1.0,1.0,1.0,1.0,1.0,1.0,1.0,1.0,1.0,1.0,1.0,1.0,1.0,1.0,1.0,1.0,1.0,1.0,1.0,1.0,1.0,1.0,1.0,1.0,1.0,1.0,1.0,1.0,1.0,1.0,1.0,1.0,1.0,0.6609065720823359,0.6609065720823359,0.6609065720823359,0.6609065720823359,0.6609065720823359,0.6609065720823359,0.6609065720823359,0.6609065720823359,0.6609065720823359,0.6609065720823359,0.6609065720823359,0.6609065720823359,0.6609065720823359,0.6609065720823359,0.6609065720823359,0.6609065720823359,0.6609065720823359,0.6609065720823359,0.6609065720823359,0.6609065720823359,0.707001244485247,0.707001244485247,0.707001244485247,0.707001244485247,0.707001244485247,0.707001244485247,0.707001244485247,0.707001244485247,0.707001244485247,0.707001244485247,0.707001244485247,0.707001244485247,0.707001244485247,0.707001244485247,0.707001244485247,0.707001244485247,0.707001244485247,0.707001244485247,0.707001244485247,0.7070012444852469,0.9999963463646327,0.9999963463646327,0.9999963463646327,0.9999963463646327,0.9999963463646327,0.9999963463646327,0.9999963463646327,0.9999963463646327,0.9999963463646327,0.9999963463646327,0.9999963463646327,0.9999963463646327,0.9999963463646327,0.9999963463646327,0.9999963463646327,0.9999963463646327,0.9999963463646327,0.9999963463646327,0.9999963463646327,0.9999963463646327,0.7370123479794487,0.7370123479794487,0.7370123479794487,0.7370123479794487,0.7370123479794487,0.7370123479794487,0.7370123479794487,0.7370123479794487,0.7370123479794487,0.7370123479794487,0.7370123479794487,0.7370123479794487,0.7370123479794487,0.7370123479794487,0.7370123479794487,0.7370123479794487,0.7370123479794487,0.7370123479794487,0.7370123479794487,0.7370123479794486,11900.0,11900.0,11900.0,11900.0,11900.0,11900.0,11900.0,11900.0,11900.0,11900.0,11900.0,11900.0,11900.0,11900.0,11900.0,11900.0,11900.0,11900.0,11900.0,11900.0,0.0,0.0,0.0,0.0,0.0,0.0,0.0,0.0,0.0,0.0,0.0,0.0,0.0,0.0,0.0,0.0,0.0,0.0,0.0,0.0,0.0,0.0,0.0,0.0,0.0,0.0,0.0,0.0,0.0,0.0,0.0,0.0,0.0,0.0,0.0,0.0,0.0,0.0,0.0,0.0,0.996218487394958,0.9979776830851977,1.0,1.0,1.0,1.0,0.0,0.0,0.9941961704801557,1.0,0.0,0.9998610745786743,11875.934428713854,11900,0,0,45,22,0,0,29.0,888,0.70109243697479,0.70109243697479,0.70109243697479,8343,3557,3557,12.741025993209686,0.5308760830504036,888.0,1.0,26,22,888,11900,11900,26,22
v_i2_L4qquVg0_c007,0.7698376981250991,1.0,0.7698376981250991,0.7698376981250991,0.7698376981250991,0.7698376981250991,0.7698376981250991,0.7698376981250991,0.7698376981250991,0.7698376981250991,0.7698376981250991,0.7698376981250991,0.7698376981250991,0.7698376981250991,0.7698376981250991,0.7698376981250991,0.7698376981250991,0.7698376981250991,0.7698376981250991,0.7698376981250991,0.7698376981250991,0.7698376981250991,0.7698376981250992,1.0,1.0,1.0,1.0,1.0,1.0,1.0,1.0,1.0,1.0,1.0,1.0,1.0,1.0,1.0,1.0,1.0,1.0,1.0,1.0,0.5926500814545511,0.5926500814545511,0.5926500814545511,0.5926500814545511,0.5926500814545511,0.5926500814545511,0.5926500814545511,0.5926500814545511,0.5926500814545511,0.5926500814545511,0.5926500814545511,0.5926500814545511,0.5926500814545511,0.5926500814545511,0.5926500814545511,0.5926500814545511,0.5926500814545511,0.5926500814545511,0.5926500814545511,0.592650081454551,1.0,1.0,1.0,1.0,1.0,1.0,1.0,1.0,1.0,1.0,1.0,1.0,1.0,1.0,1.0,1.0,1.0,1.0,1.0,1.0,1.0,1.0,1.0,1.0,1.0,1.0,1.0,1.0,1.0,1.0,1.0,1.0,1.0,1.0,1.0,1.0,1.0,1.0,1.0,1.0,0.8410062726890615,0.8410062726890615,0.8410062726890615,0.8410062726890615,0.8410062726890615,0.8410062726890615,0.8410062726890615,0.8410062726890615,0.8410062726890615,0.8410062726890615,0.8410062726890615,0.8410062726890615,0.8410062726890615,0.8410062726890615,0.8410062726890615,0.8410062726890615,0.8410062726890615,0.8410062726890615,0.8410062726890615,0.8410062726890614,0.6594790620366782,0.6594790620366782,0.6594790620366782,0.6594790620366782,0.6594790620366782,0.6594790620366782,0.6594790620366782,0.6594790620366782,0.6594790620366782,0.6594790620366782,0.6594790620366782,0.6594790620366782,0.6594790620366782,0.6594790620366782,0.6594790620366782,0.6594790620366782,0.6594790620366782,0.6594790620366782,0.6594790620366782,0.659479062036678,1.0,1.0,1.0,1.0,1.0,1.0,1.0,1.0,1.0,1.0,1.0,1.0,1.0,1.0,1.0,1.0,1.0,1.0,1.0,1.0,0.7698376981250991,0.7698376981250991,0.7698376981250991,0.7698376981250991,0.7698376981250991,0.7698376981250991,0.7698376981250991,0.7698376981250991,0.7698376981250991,0.7698376981250991,0.7698376981250991,0.7698376981250991,0.7698376981250991,0.7698376981250991,0.7698376981250991,0.7698376981250991,0.7698376981250991,0.7698376981250991,0.7698376981250991,0.7698376981250992,4828.0,4828.0,4828.0,4828.0,4828.0,4828.0,4828.0,4828.0,4828.0,4828.0,4828.0,4828.0,4828.0,4828.0,4828.0,4828.0,4828.0,4828.0,4828.0,4828.0,0.0,0.0,0.0,0.0,0.0,0.0,0.0,0.0,0.0,0.0,0.0,0.0,0.0,0.0,0.0,0.0,0.0,0.0,0.0,0.0,0.0,0.0,0.0,0.0,0.0,0.0,0.0,0.0,0.0,0.0,0.0,0.0,0.0,0.0,0.0,0.0,0.0,0.0,0.0,0.0,0.996271748135874,1.0,1.0,1.0,1.0,1.0,0.0,0.0,0.996271748135874,1.0,0.0,0.9997400015523812,4828.0,4828,0,0,18,21,0,0,7.0,451,0.7473073736536868,0.7473073736536868,0.7473073736536868,3608,1220,1220,11.518984071240771,0.6062623195389879,451.0,1.0,17,21,451,4828,4828,17,21
v_i2_L4qquVg0_c009,0.8872192100304596,1.0,0.8872192100304596,0.8872192100304596,0.8872192100304596,0.8872192100304596,0.8872192100304596,0.8872192100304596,0.8872192100304596,0.8872192100304596,0.8872192100304596,0.8872192100304596,0.8872192100304596,0.8872192100304596,0.8872192100304596,0.8872192100304596,0.8872192100304596,0.8872192100304596,0.8872192100304596,0.8872192100304596,0.8872192100304596,0.8872192100304596,0.8872192100304596,1.0,1.0,1.0,1.0,1.0,1.0,1.0,1.0,1.0,1.0,1.0,1.0,1.0,1.0,1.0,1.0,1.0,1.0,1.0,1.0,0.7871579266470726,0.7871579266470726,0.7871579266470726,0.7871579266470726,0.7871579266470726,0.7871579266470726,0.7871579266470726,0.7871579266470726,0.7871579266470726,0.7871579266470726,0.7871579266470726,0.7871579266470726,0.7871579266470726,0.7871579266470726,0.7871579266470726,0.7871579266470726,0.7871579266470726,0.7871579266470726,0.7871579266470726,0.7871579266470726,1.0,1.0,1.0,1.0,1.0,1.0,1.0,1.0,1.0,1.0,1.0,1.0,1.0,1.0,1.0,1.0,1.0,1.0,1.0,1.0,1.0,1.0,1.0,1.0,1.0,1.0,1.0,1.0,1.0,1.0,1.0,1.0,1.0,1.0,1.0,1.0,1.0,1.0,1.0,1.0,0.8442402862232343,0.8442402862232343,0.8442402862232343,0.8442402862232343,0.8442402862232343,0.8442402862232343,0.8442402862232343,0.8442402862232343,0.8442402862232343,0.8442402862232343,0.8442402862232343,0.8442402862232343,0.8442402862232343,0.8442402862232343,0.8442402862232343,0.8442402862232343,0.8442402862232343,0.8442402862232343,0.8442402862232343,0.8442402862232342,0.8587941653953232,0.8587941653953232,0.8587941653953232,0.8587941653953232,0.8587941653953232,0.8587941653953232,0.8587941653953232,0.8587941653953232,0.8587941653953232,0.8587941653953232,0.8587941653953232,0.8587941653953232,0.8587941653953232,0.8587941653953232,0.8587941653953232,0.8587941653953232,0.8587941653953232,0.8587941653953232,0.8587941653953232,0.8587941653953232,1.0,1.0,1.0,1.0,1.0,1.0,1.0,1.0,1.0,1.0,1.0,1.0,1.0,1.0,1.0,1.0,1.0,1.0,1.0,1.0,0.8872192100304596,0.8872192100304596,0.8872192100304596,0.8872192100304596,0.8872192100304596,0.8872192100304596,0.8872192100304596,0.8872192100304596,0.8872192100304596,0.8872192100304596,0.8872192100304596,0.8872192100304596,0.8872192100304596,0.8872192100304596,0.8872192100304596,0.8872192100304596,0.8872192100304596,0.8872192100304596,0.8872192100304596,0.8872192100304596,7936.0,7936.0,7936.0,7936.0,7936.0,7936.0,7936.0,7936.0,7936.0,7936.0,7936.0,7936.0,7936.0,7936.0,7936.0,7936.0,7936.0,7936.0,7936.0,7936.0,0.0,0.0,0.0,0.0,0.0,0.0,0.0,0.0,0.0,0.0,0.0,0.0,0.0,0.0,0.0,0.0,0.0,0.0,0.0,0.0,0.0,0.0,0.0,0.0,0.0,0.0,0.0,0.0,0.0,0.0,0.0,0.0,0.0,0.0,0.0,0.0,0.0,0.0,0.0,0.0,0.9983618951612904,1.0,1.0,1.0,1.0,1.0,0.0,0.0,0.9983618951612904,1.0,0.0,0.9998596341541952,7936.0,7936,0,0,13,20,0,0,10.0,488,0.8668094758064516,0.8668094758064516,0.8668094758064516,6879,1057,1057,15.006162482331295,0.7320079259673802,488.0,1.0,21,20,488,7936,7936,21,20
v_i2_L4qquVg0_c010,0.5521187302741553,0.9992408583605831,0.5516995939561021,0.5521187302741553,0.5521187302741553,0.5521187302741553,0.5521187302741553,0.5521187302741553,0.551727703071508,0.551727703071508,0.5515333220129022,0.5515333220129022,0.5515333220129022,0.5515333220129022,0.551339693190484,0.5511468145180268,0.5511468145180268,0.5509546839156666,0.5509546839156666,0.5509546839156666,0.5509546839156666,0.5509546839156666,0.5515046888089616,1.0,1.0,1.0,1.0,1.0,0.9990321800145173,0.9990321800145173,0.9985486211901307,0.9985486211901307,0.9985486211901307,0.9985486211901307,0.9980652962515115,0.9975822050290135,0.9975822050290135,0.9970993473531544,0.9970993473531544,0.9970993473531544,0.9970993473531544,0.9970993473531544,0.9984729098876244,0.3048350923195454,0.3048350923195454,0.3048350923195454,0.3048350923195454,0.3048350923195454,0.3046983514906784,0.3046983514906784,0.30463114047269607,0.30463114047269607,0.30463114047269607,0.30463114047269607,0.30456469975364764,0.3044990273704147,0.3044990273704147,0.3044341213685499,0.3044341213685499,0.3044341213685499,0.3044341213685499,0.3044341213685499,0.3046226362003734,1.0,1.0,1.0,1.0,1.0,0.999515855725006,0.999515855725006,0.9992737835875091,0.9992737835875091,0.9992737835875091,0.9992737835875091,0.9990317114500121,0.9987896393125151,0.9987896393125151,0.9985475671750181,0.9985475671750181,0.9985475671750181,0.9985475671750181,0.9985475671750181,0.9992355616710619,1.0,1.0,1.0,1.0,1.0,0.999515855725006,0.999515855725006,0.9992737835875091,0.9992737835875091,0.9992737835875091,0.9992737835875091,0.9990317114500121,0.9987896393125151,0.9987896393125151,0.9985475671750181,0.9985475671750181,0.9985475671750181,0.9985475671750181,0.9985475671750181,0.9992355616710619,0.43519527311873146,0.43519527311873146,0.43519527311873146,0.43519527311873146,0.43519527311873146,0.4349835062709871,0.4349835062709871,0.43487882756326984,0.43487882756326984,0.43487882756326984,0.43487882756326984,0.4347749527780848,0.4346718824999613,0.4346718824999613,0.4345696173139954,0.4345696173139954,0.4345696173139954,0.4345696173139954,0.4345696173139954,0.4348644996177208,0.5436232251408596,0.5436232251408596,0.5436232251408596,0.5436232251408596,0.5436232251408596,0.5435068541138457,0.5435068541138457,0.5434497771429952,0.5434497771429952,0.5434497771429952,0.5434497771429952,0.5433934399168691,0.5433378429733328,0.5433378429733328,0.5432829868507738,0.5432829868507738,0.5432829868507738,0.5432829868507738,0.5432829868507738,0.543442789611651,0.9992408583605831,0.9992408583605831,0.9992408583605831,0.9992408583605831,0.9992408583605831,0.9995911547975859,0.9995911547975859,0.9997401114058551,0.9997401114058551,0.9997401114058551,0.9997401114058551,0.9998458856781538,0.9999379544352885,0.9999379544352885,1.0,1.0,1.0,1.0,1.0,0.9996878337668548,0.5521187302741553,0.5521187302741553,0.5521187302741553,0.5521187302741553,0.5521187302741553,0.5518612448144952,0.5518612448144952,0.5517335519421752,0.5517335519421752,0.5517335519421752,0.5517335519421752,0.5516065565619627,0.5514802568708222,0.5514802568708222,0.551354651071005,0.551354651071005,0.551354651071005,0.551354651071005,0.551354651071005,0.551715298654058,8262.0,8262.0,8262.0,8262.0,8262.0,8258.0,8258.0,8256.0,8256.0,8256.0,8256.0,8254.0,8252.0,8252.0,8250.0,8250.0,8250.0,8250.0,8250.0,8255.684210526315,0.0,0.0,0.0,0.0,0.0,4.0,4.0,6.0,6.0,6.0,6.0,8.0,10.0,10.0,12.0,12.0,12.0,12.0,12.0,6.315789473684211,0.0,0.0,0.0,0.0,0.0,4.0,4.0,6.0,6.0,6.0,6.0,8.0,10.0,10.0,12.0,12.0,12.0,12.0,12.0,6.315789473684211,0.9899540062938755,0.9998825238156265,1.0,1.0,1.0,1.0,0.0,0.0,0.9898365301095021,1.0,0.0,0.9997677223320774,8261.029411764706,8262,0,0,83,21,0,0,38.0,758,0.49382716049382713,0.49382716049382713,0.49382716049382713,4080,4182,4182,8.443664613212192,0.3377465845284877,758.0,1.0,29,21,758,8262,8262,29,21
COMBINED,0.8062137374611557,0.9966039533638189,0.8034757980100077,0.8062137374611557,0.8059563759907551,0.8056618150129613,0.8053608764658458,0.8048340829603563,0.8042777662709354,0.8035899223628926,0.8030456277301677,0.8025499620055603,0.8018551464202722,0.8011398410329312,0.8004394280827288,0.7999750929037215,0.7997127659278653,0.7994488922841252,0.7993523504783826,0.7992261593749285,0.7990558451317943,0.7985071868928765,0.8021159407784346,0.9999289539655528,0.9996042363622218,0.9991579217915637,0.9986374732058937,0.9977391545316603,0.9968079177152123,0.9956888839374635,0.9947595571437731,0.993911796947466,0.9927624171571503,0.9916210716403429,0.9904140123099301,0.9895699409670102,0.989108014711078,0.9886262333354638,0.9884456254835347,0.988271737814312,0.9880845081790788,0.9874428456159225,0.9931885422534017,0.6500267722955413,0.6498228562576552,0.6496380061783539,0.6494910903549772,0.6492257000765855,0.6489341766069056,0.6485527494989671,0.6482795521645177,0.6480317906410461,0.6476591626845362,0.6472482919595095,0.6469044965701786,0.6467053239722976,0.6465830813986568,0.6464713456146445,0.6464333128114581,0.6463429332117728,0.6461899142776228,0.6457221603766448,0.6478033008922038,0.9999627841514618,0.9998003877214766,0.999577092630247,0.9993165816904792,0.998866608249062,0.9983997185128547,0.9978380975258228,0.9973712077896154,0.9969449171609044,0.9963663798790823,0.9957912258562183,0.9951822392437739,0.9947559486150629,0.9945225037469593,0.9942789091019816,0.994187561110115,0.9940995963772064,0.9940048651263816,0.9936800722664113,0.9965761419344797,0.999966167295955,0.9998037703165388,0.9995804744698416,0.9993199626486947,0.9988699876848958,0.9984030963690742,0.9978414734819265,0.9973745821661051,0.9969482900951375,0.9963697508559675,0.9957945948872018,0.9951856062143911,0.9947593141434236,0.9945258684855128,0.9942822730163886,0.994190924715467,0.9941029596849499,0.9940082281136238,0.9936834341547914,0.9965795136210467,0.7300485826249473,0.7299360647740937,0.7298132221899216,0.7297121034700564,0.7295464736419365,0.7293569390727596,0.7291091725668705,0.7289241117392394,0.7287457494922392,0.7284808689167479,0.7281669585913215,0.7278965455781577,0.7277350824521245,0.7276398795346983,0.7275443113271681,0.7275170392655851,0.72745909117423,0.7273656720459148,0.7270599731326841,0.7285293600837208,0.7684756352820755,0.7683641594136983,0.7682452436207524,0.7681280747022937,0.7679535404073399,0.7677203509557456,0.7674019078430533,0.7671880718876174,0.7669675768438584,0.7666666771578424,0.7663369715610672,0.7660586265915491,0.7658866448549483,0.7657942482084458,0.765706848339396,0.7656803381566545,0.7656210335874314,0.7655267572865359,0.7652091829224246,0.766785888927512,0.9966039533638189,0.9967532453333263,0.9969475944476555,0.9971611709880618,0.9975091814364294,0.9978474432377686,0.9982272905627441,0.9985171764788329,0.9987624150276505,0.9990659075074215,0.9993408517561418,0.9995998889423101,0.9997604515055689,0.9998376184014478,0.9999054611135373,0.9999265084565908,0.9999413391860896,0.9999533063957304,0.9999750100763567,0.9987176744324991,0.8062273754950509,0.80603544812662,0.8058307945703423,0.8056346667391853,0.8052886892435668,0.8049196849734175,0.8044567370003131,0.804099098325347,0.8037735998639606,0.8033092899497111,0.8028226267885724,0.8023639233375193,0.8020685556874017,0.8018986376051628,0.8017311421439353,0.8016707295918665,0.8015792219282402,0.8014461420379767,0.8010251200724529,0.8034832359726654,295562.0,295514.0,295448.0,295371.0,295238.0,295100.0,294934.0,294796.0,294670.0,294499.0,294329.0,294149.0,294023.0,293954.0,293882.0,293855.0,293829.0,293801.0,293705.0,294561.0,11.0,59.0,125.0,202.0,335.0,473.0,639.0,777.0,903.0,1074.0,1244.0,1424.0,1550.0,1619.0,1691.0,1718.0,1744.0,1772.0,1868.0,1012.0,10.0,58.0,124.0,201.0,334.0,472.0,638.0,776.0,902.0,1073.0,1243.0,1423.0,1549.0,1618.0,1690.0,1717.0,1743.0,1771.0,1867.0,1011.0,0.9966776397032205,0.9993168106098316,0.999996616741042,0.999996616741042,1.0,1.0,0.0,0.0,0.9959944526244587,0.9999983083676593,0.0,0.9999864951500732,295370.06834556913,295572,1,0,981,641,0,0,423.0,26970,0.7721083659677406,0.7721070598464677,0.7721096720934324,228214,67359,67358,459.0719983619502,0.6761001448629606,26969.947368421053,0.9999980485139434,717,641,26970,295572,295573,717,641
